TIME(s)	'A,L'	'H,L'	Nloops	nOverlapPartner	nOverlapSystem	nOverlapSpanBox	nDisplace2D	nDisplace3D	nDisplace3Dto2D	nAssocSuccess
0	0	0	0	0	0	0	0	0	0	0
0.000258471	1	3	0	0	0	0	0	0	0	4
0.000516943	2	4	0	0	0	0	0	0	0	6
0.000775414	2	5	0	0	0	0	0	0	0	7
0.00103389	3	6	0	0	0	0	0	0	0	9
0.00129236	4	6	0	0	0	0	0	0	0	11
0.00155083	4	7	0	0	0	0	0	0	0	12
0.0018093	4	7	0	0	0	0	0	0	0	12
0.00206777	7	11	0	0	0	0	0	0	0	20
0.00232624	10	14	0	0	0	0	0	0	0	26
0.00258471	11	14	0	0	0	0	0	0	0	27
0.00284318	12	14	0	0	0	0	0	0	0	28
0.00310166	13	15	0	0	0	0	0	0	0	31
0.00336013	13	16	0	0	0	0	0	0	0	32
0.0036186	13	16	0	0	0	0	0	0	0	32
0.00387707	13	18	0	0	0	0	0	0	0	34
0.00413554	13	21	0	0	0	0	0	0	0	37
0.00439401	13	22	0	0	0	0	0	0	0	38
0.00465248	13	22	0	0	0	0	0	0	0	39
0.00491095	13	22	0	0	0	0	0	0	0	39
0.00516943	15	20	0	0	0	0	0	0	0	41
0.0054279	16	20	0	0	0	0	0	0	0	42
0.00568637	18	20	0	0	0	0	0	0	0	44
0.00594484	18	20	0	0	0	0	0	0	0	45
0.00620331	19	20	0	0	0	0	0	0	0	47
0.00646178	19	20	0	0	0	0	0	0	0	47
0.00672025	19	20	0	0	0	0	0	0	0	47
0.00697872	18	21	0	0	0	0	0	0	0	48
0.0072372	17	20	0	0	0	0	0	0	0	48
0.00749567	18	21	0	0	0	0	0	0	0	51
0.00775414	18	21	0	0	0	0	0	0	0	51
0.00801261	19	23	0	0	0	0	0	0	0	54
0.00827108	20	23	0	0	0	0	0	0	0	55
0.00852955	21	23	0	0	0	0	0	0	0	56
0.00878802	22	23	0	0	0	0	0	0	0	57
0.0090465	22	23	0	0	0	0	0	0	0	57
0.00930497	23	23	0	0	0	0	0	0	0	58
0.00956344	22	23	0	0	0	0	0	0	0	58
0.00982191	23	23	0	0	0	0	0	0	0	59
0.0100804	24	23	0	0	0	0	0	0	0	61
0.0103389	25	23	0	0	0	0	0	0	0	62
0.0105973	23	23	0	0	0	0	0	0	0	62
0.0108558	22	25	0	0	0	0	0	0	0	64
0.0111143	23	25	0	0	0	0	0	0	0	65
0.0113727	22	25	0	0	0	0	0	0	0	65
0.0116312	23	25	0	0	0	0	0	0	0	66
0.0118897	24	25	0	0	0	0	0	0	0	67
0.0121482	23	25	0	0	0	0	0	0	0	67
0.0124066	25	28	0	0	0	0	0	0	0	72
0.0126651	24	29	0	0	0	0	0	0	0	73
0.0129236	25	29	0	0	0	0	0	0	0	75
0.013182	24	29	0	0	0	0	0	0	0	75
0.0134405	24	29	0	0	0	0	0	0	0	75
0.013699	24	28	0	0	0	0	0	0	0	75
0.0139574	24	28	0	0	0	0	0	0	0	75
0.0142159	25	28	0	0	0	0	0	0	0	76
0.0144744	26	27	0	0	0	0	0	0	0	77
0.0147329	27	27	0	0	0	0	0	0	0	78
0.0149913	29	28	0	0	0	0	0	0	0	81
0.0152498	29	28	0	0	0	0	0	0	0	81
0.0155083	29	28	0	0	0	0	0	0	0	81
0.0157667	29	29	0	0	0	0	0	0	0	84
0.0160252	30	30	0	0	0	0	0	0	0	87
0.0162837	28	30	0	0	0	0	0	0	0	87
0.0165422	28	30	0	0	0	0	0	0	0	88
0.0168006	28	30	0	0	0	0	0	0	0	89
0.0170591	28	30	0	0	0	0	0	0	0	89
0.0173176	28	30	0	0	0	0	0	0	0	90
0.017576	28	31	0	0	0	0	0	0	0	91
0.0178345	28	31	0	0	0	0	0	0	0	91
0.018093	28	33	0	0	0	0	0	0	0	94
0.0183515	29	33	0	0	0	0	0	0	0	95
0.0186099	29	34	0	0	0	0	0	0	0	96
0.0188684	30	34	0	0	0	0	0	0	0	97
0.0191269	30	34	0	0	0	0	0	0	0	97
0.0193853	31	33	0	0	0	0	0	0	0	98
0.0196438	32	33	0	0	0	0	0	0	0	99
0.0199023	32	33	0	0	0	0	0	0	0	99
0.0201608	32	34	0	0	0	0	0	0	0	101
0.0204192	31	34	0	0	0	0	0	0	0	101
0.0206777	31	34	0	0	0	0	0	0	0	101
0.0209362	29	34	0	0	0	0	0	0	0	101
0.0211946	30	34	0	0	0	0	0	0	0	102
0.0214531	30	34	0	0	0	0	0	0	0	102
0.0217116	30	34	0	0	0	0	0	0	0	102
0.0219701	30	34	0	0	0	0	0	0	0	102
0.0222285	30	34	0	0	0	0	0	0	0	102
0.022487	30	35	0	0	0	0	0	0	0	103
0.0227455	30	36	0	0	0	0	0	0	0	104
0.0230039	31	35	0	0	0	0	0	0	0	105
0.0232624	31	35	0	0	0	0	0	0	0	106
0.0235209	31	34	0	0	0	0	0	0	0	106
0.0237794	32	34	0	0	0	0	0	0	0	108
0.0240378	32	35	0	0	0	0	0	0	0	109
0.0242963	31	35	0	0	0	0	0	0	0	110
0.0245548	31	34	0	0	0	0	0	0	0	111
0.0248132	31	34	0	0	0	0	0	0	0	112
0.0250717	31	35	0	0	0	0	0	0	0	113
0.0253302	31	35	0	0	0	0	0	0	0	113
0.0255887	31	35	0	0	0	0	0	0	0	113
0.0258471	31	35	0	0	0	0	0	0	0	113
0.0261056	30	35	0	0	0	0	0	0	0	113
0.0263641	31	35	0	0	0	0	0	0	0	114
0.0266225	32	35	0	0	0	0	0	0	0	115
0.026881	32	35	0	0	0	0	0	0	0	116
0.0271395	31	34	0	0	0	0	0	0	0	116
0.027398	31	35	0	0	0	0	0	0	0	117
0.0276564	31	34	0	0	0	0	0	0	0	117
0.0279149	31	35	0	0	0	0	0	0	0	118
0.0281734	31	35	0	0	0	0	0	0	0	119
0.0284318	31	36	0	0	0	0	0	0	0	120
0.0286903	32	36	0	0	0	0	0	0	0	121
0.0289488	33	36	0	0	0	0	0	0	0	122
0.0292073	35	36	0	0	0	0	0	0	0	124
0.0294657	34	35	0	0	0	0	0	0	0	125
0.0297242	34	36	0	0	0	0	0	0	0	127
0.0299827	34	36	0	0	0	0	0	0	0	127
0.0302411	34	36	0	0	0	0	0	0	0	127
0.0304996	34	36	0	0	0	0	0	0	0	128
0.0307581	34	36	0	0	0	0	0	0	0	128
0.0310166	34	36	0	0	0	0	0	0	0	128
0.031275	34	36	0	0	0	0	0	0	0	128
0.0315335	35	36	0	0	0	0	0	0	0	130
0.031792	35	36	0	0	0	0	0	0	0	130
0.0320504	35	36	0	0	0	0	0	0	0	130
0.0323089	35	36	0	0	0	0	0	0	0	130
0.0325674	37	37	0	0	0	0	0	0	0	133
0.0328259	37	37	0	0	0	0	0	0	0	134
0.0330843	35	36	0	0	0	0	0	0	0	134
0.0333428	35	37	0	0	0	0	0	0	0	136
0.0336013	36	36	0	0	0	0	0	0	0	137
0.0338597	35	36	0	0	0	0	0	0	0	137
0.0341182	35	36	0	0	0	0	0	0	0	138
0.0343767	36	36	0	0	0	0	0	0	0	139
0.0346352	37	36	0	0	0	0	0	0	0	140
0.0348936	37	36	0	0	0	0	0	0	0	141
0.0351521	37	36	0	0	0	0	0	0	0	141
0.0354106	38	36	0	0	0	0	0	0	0	142
0.035669	39	35	0	0	0	0	0	0	0	143
0.0359275	39	34	0	0	0	0	0	0	0	143
0.036186	39	34	0	0	0	0	0	0	0	143
0.0364445	39	35	0	0	0	0	0	0	0	144
0.0367029	38	34	0	0	0	0	0	0	0	144
0.0369614	38	34	0	0	0	0	0	0	0	144
0.0372199	38	34	0	0	0	0	0	0	0	144
0.0374783	39	34	0	0	0	0	0	0	0	146
0.0377368	39	35	0	0	0	0	0	0	0	147
0.0379953	38	35	0	0	0	0	0	0	0	147
0.0382538	38	36	0	0	0	0	0	0	0	148
0.0385122	38	37	0	0	0	0	0	0	0	149
0.0387707	38	37	0	0	0	0	0	0	0	149
0.0390292	38	38	0	0	0	0	0	0	0	150
0.0392876	38	38	0	0	0	0	0	0	0	150
0.0395461	38	38	0	0	0	0	0	0	0	151
0.0398046	38	36	0	0	0	0	0	0	0	151
0.0400631	38	36	0	0	0	0	0	0	0	152
0.0403215	38	35	0	0	0	0	0	0	0	152
0.04058	38	35	0	0	0	0	0	0	0	152
0.0408385	39	35	0	0	0	0	0	0	0	154
0.0410969	39	35	0	0	0	0	0	0	0	155
0.0413554	39	35	0	0	0	0	0	0	0	155
0.0416139	39	35	0	0	0	0	0	0	0	155
0.0418723	38	36	0	0	0	0	0	0	0	156
0.0421308	37	36	0	0	0	0	0	0	0	156
0.0423893	37	36	0	0	0	0	0	0	0	156
0.0426478	37	36	0	0	0	0	0	0	0	156
0.0429062	37	36	0	0	0	0	0	0	0	156
0.0431647	39	36	0	0	0	0	0	0	0	158
0.0434232	39	36	0	0	0	0	0	0	0	159
0.0436816	39	35	0	0	0	0	0	0	0	160
0.0439401	39	35	0	0	0	0	0	0	0	160
0.0441986	38	36	0	0	0	0	0	0	0	161
0.0444571	38	35	0	0	0	0	0	0	0	161
0.0447155	38	35	0	0	0	0	0	0	0	161
0.044974	38	35	0	0	0	0	0	0	0	161
0.0452325	38	36	0	0	0	0	0	0	0	162
0.0454909	39	36	0	0	0	0	0	0	0	163
0.0457494	39	36	0	0	0	0	0	0	0	164
0.0460079	40	36	0	0	0	0	0	0	0	165
0.0462664	41	36	0	0	0	0	0	0	0	166
0.0465248	40	35	0	0	0	0	0	0	0	166
0.0467833	40	36	0	0	0	0	0	0	0	167
0.0470418	40	36	0	0	0	0	0	0	0	167
0.0473002	40	35	0	0	0	0	0	0	0	167
0.0475587	40	35	0	0	0	0	0	0	0	167
0.0478172	40	36	0	0	0	0	0	0	0	168
0.0480757	41	36	0	0	0	0	0	0	0	169
0.0483341	40	37	0	0	0	0	0	0	0	170
0.0485926	40	37	0	0	0	0	0	0	0	170
0.0488511	40	37	0	0	0	0	0	0	0	170
0.0491095	40	37	0	0	0	0	0	0	0	170
0.049368	38	37	0	0	0	0	0	0	0	171
0.0496265	38	37	0	0	0	0	0	0	0	172
0.049885	38	37	0	0	0	0	0	0	0	172
0.0501434	38	37	0	0	0	0	0	0	0	173
0.0504019	38	38	0	0	0	0	0	0	0	174
0.0506604	38	36	0	0	0	0	0	0	0	174
0.0509188	38	36	0	0	0	0	0	0	0	175
0.0511773	38	36	0	0	0	0	0	0	0	175
0.0514358	39	36	0	0	0	0	0	0	0	176
0.0516943	39	37	0	0	0	0	0	0	0	177
0.0519527	40	37	0	0	0	0	0	0	0	178
0.0522112	41	37	0	0	0	0	0	0	0	180
0.0524697	41	37	0	0	0	0	0	0	0	180
0.0527281	42	37	0	0	0	0	0	0	0	181
0.0529866	41	37	0	0	0	0	0	0	0	181
0.0532451	41	37	0	0	0	0	0	0	0	181
0.0535036	40	37	0	0	0	0	0	0	0	181
0.053762	40	37	0	0	0	0	0	0	0	181
0.0540205	40	38	0	0	0	0	0	0	0	182
0.054279	40	39	0	0	0	0	0	0	0	184
0.0545374	40	39	0	0	0	0	0	0	0	184
0.0547959	40	38	0	0	0	0	0	0	0	184
0.0550544	40	38	0	0	0	0	0	0	0	184
0.0553129	39	39	0	0	0	0	0	0	0	185
0.0555713	40	39	0	0	0	0	0	0	0	186
0.0558298	42	39	0	0	0	0	0	0	0	188
0.0560883	42	39	0	0	0	0	0	0	0	188
0.0563467	42	39	0	0	0	0	0	0	0	188
0.0566052	42	39	0	0	0	0	0	0	0	188
0.0568637	42	39	0	0	0	0	0	0	0	189
0.0571222	42	38	0	0	0	0	0	0	0	189
0.0573806	41	38	0	0	0	0	0	0	0	189
0.0576391	41	37	0	0	0	0	0	0	0	189
0.0578976	41	37	0	0	0	0	0	0	0	189
0.058156	39	36	0	0	0	0	0	0	0	189
0.0584145	39	37	0	0	0	0	0	0	0	191
0.058673	39	38	0	0	0	0	0	0	0	192
0.0589315	39	38	0	0	0	0	0	0	0	192
0.0591899	39	38	0	0	0	0	0	0	0	192
0.0594484	40	37	0	0	0	0	0	0	0	193
0.0597069	40	37	0	0	0	0	0	0	0	193
0.0599653	40	38	0	0	0	0	0	0	0	194
0.0602238	40	38	0	0	0	0	0	0	0	194
0.0604823	40	38	0	0	0	0	0	0	0	194
0.0607408	40	38	0	0	0	0	0	0	0	194
0.0609992	40	38	0	0	0	0	0	0	0	194
0.0612577	39	39	0	0	0	0	0	0	0	195
0.0615162	40	39	0	0	0	0	0	0	0	196
0.0617746	40	39	0	0	0	0	0	0	0	196
0.0620331	39	41	0	0	0	0	0	0	0	199
0.0622916	39	40	0	0	0	0	0	0	0	199
0.0625501	40	40	0	0	0	0	0	0	0	200
0.0628085	41	39	0	0	0	0	0	0	0	201
0.063067	41	39	0	0	0	0	0	0	0	202
0.0633255	41	39	0	0	0	0	0	0	0	202
0.0635839	42	39	0	0	0	0	0	0	0	203
0.0638424	43	39	0	0	0	0	0	0	0	204
0.0641009	42	39	0	0	0	0	0	0	0	204
0.0643594	41	40	0	0	0	0	0	0	0	205
0.0646178	42	42	0	0	0	0	0	0	0	208
0.0648763	41	42	0	0	0	0	0	0	0	208
0.0651348	41	43	0	0	0	0	0	0	0	209
0.0653932	39	43	0	0	0	0	0	0	0	209
0.0656517	39	44	0	0	0	0	0	0	0	211
0.0659102	39	44	0	0	0	0	0	0	0	211
0.0661687	39	43	0	0	0	0	0	0	0	211
0.0664271	39	43	0	0	0	0	0	0	0	211
0.0666856	38	43	0	0	0	0	0	0	0	211
0.0669441	38	45	0	0	0	0	0	0	0	213
0.0672025	38	46	0	0	0	0	0	0	0	214
0.067461	38	46	0	0	0	0	0	0	0	214
0.0677195	39	46	0	0	0	0	0	0	0	215
0.067978	39	45	0	0	0	0	0	0	0	215
0.0682364	38	46	0	0	0	0	0	0	0	216
0.0684949	37	46	0	0	0	0	0	0	0	216
0.0687534	37	45	0	0	0	0	0	0	0	216
0.0690118	38	45	0	0	0	0	0	0	0	217
0.0692703	38	45	0	0	0	0	0	0	0	217
0.0695288	37	45	0	0	0	0	0	0	0	217
0.0697872	37	45	0	0	0	0	0	0	0	217
0.0700457	38	44	0	0	0	0	0	0	0	218
0.0703042	38	44	0	0	0	0	0	0	0	218
0.0705627	38	42	0	0	0	0	0	0	0	218
0.0708211	37	41	0	0	0	0	0	0	0	219
0.0710796	36	41	0	0	0	0	0	0	0	219
0.0713381	37	41	0	0	0	0	0	0	0	220
0.0715965	37	41	0	0	0	0	0	0	0	220
0.071855	35	41	0	0	0	0	0	0	0	220
0.0721135	35	41	0	0	0	0	0	0	0	220
0.072372	36	42	0	0	0	0	0	0	0	222
0.0726304	36	42	0	0	0	0	0	0	0	223
0.0728889	36	42	0	0	0	0	0	0	0	223
0.0731474	36	42	0	0	0	0	0	0	0	224
0.0734058	36	42	0	0	0	0	0	0	0	224
0.0736643	36	42	0	0	0	0	0	0	0	224
0.0739228	36	42	0	0	0	0	0	0	0	225
0.0741813	36	41	0	0	0	0	0	0	0	225
0.0744397	35	40	0	0	0	0	0	0	0	225
0.0746982	34	41	0	0	0	0	0	0	0	226
0.0749567	34	41	0	0	0	0	0	0	0	226
0.0752151	33	41	0	0	0	0	0	0	0	226
0.0754736	32	41	0	0	0	0	0	0	0	226
0.0757321	32	40	0	0	0	0	0	0	0	226
0.0759906	32	40	0	0	0	0	0	0	0	227
0.076249	33	40	0	0	0	0	0	0	0	228
0.0765075	34	39	0	0	0	0	0	0	0	229
0.076766	34	39	0	0	0	0	0	0	0	229
0.0770244	35	39	0	0	0	0	0	0	0	230
0.0772829	35	40	0	0	0	0	0	0	0	232
0.0775414	36	40	0	0	0	0	0	0	0	233
0.0777999	36	39	0	0	0	0	0	0	0	234
0.0780583	36	39	0	0	0	0	0	0	0	234
0.0783168	35	39	0	0	0	0	0	0	0	234
0.0785753	35	39	0	0	0	0	0	0	0	234
0.0788337	35	38	0	0	0	0	0	0	0	234
0.0790922	36	37	0	0	0	0	0	0	0	235
0.0793507	36	39	0	0	0	0	0	0	0	237
0.0796092	36	40	0	0	0	0	0	0	0	238
0.0798676	36	41	0	0	0	0	0	0	0	239
0.0801261	35	40	0	0	0	0	0	0	0	239
0.0803846	36	40	0	0	0	0	0	0	0	240
0.080643	36	41	0	0	0	0	0	0	0	241
0.0809015	36	40	0	0	0	0	0	0	0	241
0.08116	37	41	0	0	0	0	0	0	0	243
0.0814185	37	42	0	0	0	0	0	0	0	244
0.0816769	37	42	0	0	0	0	0	0	0	244
0.0819354	38	41	0	0	0	0	0	0	0	245
0.0821939	38	41	0	0	0	0	0	0	0	245
0.0824523	38	41	0	0	0	0	0	0	0	245
0.0827108	38	41	0	0	0	0	0	0	0	245
0.0829693	39	41	0	0	0	0	0	0	0	246
0.0832278	39	41	0	0	0	0	0	0	0	246
0.0834862	39	41	0	0	0	0	0	0	0	247
0.0837447	39	41	0	0	0	0	0	0	0	247
0.0840032	39	41	0	0	0	0	0	0	0	247
0.0842616	40	42	0	0	0	0	0	0	0	249
0.0845201	40	43	0	0	0	0	0	0	0	251
0.0847786	40	42	0	0	0	0	0	0	0	251
0.0850371	41	42	0	0	0	0	0	0	0	252
0.0852955	41	42	0	0	0	0	0	0	0	253
0.085554	41	42	0	0	0	0	0	0	0	253
0.0858125	40	42	0	0	0	0	0	0	0	253
0.0860709	41	42	0	0	0	0	0	0	0	254
0.0863294	41	42	0	0	0	0	0	0	0	254
0.0865879	41	43	0	0	0	0	0	0	0	255
0.0868464	43	45	0	0	0	0	0	0	0	259
0.0871048	44	45	0	0	0	0	0	0	0	260
0.0873633	44	44	0	0	0	0	0	0	0	260
0.0876218	44	44	0	0	0	0	0	0	0	260
0.0878802	45	44	0	0	0	0	0	0	0	261
0.0881387	45	43	0	0	0	0	0	0	0	261
0.0883972	44	42	0	0	0	0	0	0	0	261
0.0886557	44	41	0	0	0	0	0	0	0	261
0.0889141	45	40	0	0	0	0	0	0	0	262
0.0891726	43	38	0	0	0	0	0	0	0	262
0.0894311	42	38	0	0	0	0	0	0	0	262
0.0896895	41	38	0	0	0	0	0	0	0	262
0.089948	41	38	0	0	0	0	0	0	0	262
0.0902065	41	38	0	0	0	0	0	0	0	263
0.090465	41	39	0	0	0	0	0	0	0	264
0.0907234	40	39	0	0	0	0	0	0	0	264
0.0909819	41	39	0	0	0	0	0	0	0	265
0.0912404	42	39	0	0	0	0	0	0	0	266
0.0914988	42	39	0	0	0	0	0	0	0	266
0.0917573	42	39	0	0	0	0	0	0	0	266
0.0920158	42	39	0	0	0	0	0	0	0	266
0.0922743	42	40	0	0	0	0	0	0	0	267
0.0925327	42	40	0	0	0	0	0	0	0	268
0.0927912	42	41	0	0	0	0	0	0	0	269
0.0930497	42	40	0	0	0	0	0	0	0	269
0.0933081	40	41	0	0	0	0	0	0	0	270
0.0935666	39	41	0	0	0	0	0	0	0	270
0.0938251	39	41	0	0	0	0	0	0	0	270
0.0940836	39	42	0	0	0	0	0	0	0	271
0.094342	39	43	0	0	0	0	0	0	0	272
0.0946005	39	43	0	0	0	0	0	0	0	272
0.094859	39	42	0	0	0	0	0	0	0	273
0.0951174	39	42	0	0	0	0	0	0	0	273
0.0953759	39	43	0	0	0	0	0	0	0	274
0.0956344	39	42	0	0	0	0	0	0	0	274
0.0958929	40	41	0	0	0	0	0	0	0	275
0.0961513	40	41	0	0	0	0	0	0	0	275
0.0964098	39	41	0	0	0	0	0	0	0	275
0.0966683	39	41	0	0	0	0	0	0	0	276
0.0969267	40	41	0	0	0	0	0	0	0	277
0.0971852	40	41	0	0	0	0	0	0	0	277
0.0974437	41	42	0	0	0	0	0	0	0	279
0.0977021	43	41	0	0	0	0	0	0	0	281
0.0979606	43	41	0	0	0	0	0	0	0	281
0.0982191	42	41	0	0	0	0	0	0	0	281
0.0984776	42	41	0	0	0	0	0	0	0	281
0.098736	41	42	0	0	0	0	0	0	0	282
0.0989945	42	41	0	0	0	0	0	0	0	283
0.099253	44	42	0	0	0	0	0	0	0	286
0.0995114	44	42	0	0	0	0	0	0	0	288
0.0997699	43	41	0	0	0	0	0	0	0	288
0.100028	41	41	0	0	0	0	0	0	0	288
0.100287	41	41	0	0	0	0	0	0	0	288
0.100545	41	40	0	0	0	0	0	0	0	288
0.100804	40	40	0	0	0	0	0	0	0	288
0.101062	40	39	0	0	0	0	0	0	0	288
0.101321	40	39	0	0	0	0	0	0	0	288
0.101579	40	40	0	0	0	0	0	0	0	290
0.101838	41	40	0	0	0	0	0	0	0	291
0.102096	41	40	0	0	0	0	0	0	0	291
0.102355	42	40	0	0	0	0	0	0	0	292
0.102613	42	40	0	0	0	0	0	0	0	292
0.102872	42	40	0	0	0	0	0	0	0	292
0.10313	42	40	0	0	0	0	0	0	0	292
0.103389	41	40	0	0	0	0	0	0	0	292
0.103647	40	42	0	0	0	0	0	0	0	294
0.103905	41	42	0	0	0	0	0	0	0	295
0.104164	41	42	0	0	0	0	0	0	0	295
0.104422	41	41	0	0	0	0	0	0	0	295
0.104681	42	41	0	0	0	0	0	0	0	296
0.104939	41	41	0	0	0	0	0	0	0	296
0.105198	42	41	0	0	0	0	0	0	0	297
0.105456	43	42	0	0	0	0	0	0	0	299
0.105715	44	42	0	0	0	0	0	0	0	300
0.105973	44	42	0	0	0	0	0	0	0	300
0.106232	44	41	0	0	0	0	0	0	0	300
0.10649	44	41	0	0	0	0	0	0	0	301
0.106749	44	40	0	0	0	0	0	0	0	302
0.107007	44	40	0	0	0	0	0	0	0	302
0.107266	43	41	0	0	0	0	0	0	0	303
0.107524	43	41	0	0	0	0	0	0	0	304
0.107783	42	41	0	0	0	0	0	0	0	305
0.108041	43	41	0	0	0	0	0	0	0	306
0.108299	43	40	0	0	0	0	0	0	0	306
0.108558	43	40	0	0	0	0	0	0	0	306
0.108816	44	39	0	0	0	0	0	0	0	307
0.109075	43	40	0	0	0	0	0	0	0	308
0.109333	43	40	0	0	0	0	0	0	0	308
0.109592	43	38	0	0	0	0	0	0	0	308
0.10985	43	39	0	0	0	0	0	0	0	310
0.110109	44	40	0	0	0	0	0	0	0	312
0.110367	44	41	0	0	0	0	0	0	0	313
0.110626	44	41	0	0	0	0	0	0	0	313
0.110884	44	41	0	0	0	0	0	0	0	314
0.111143	44	40	0	0	0	0	0	0	0	314
0.111401	43	38	0	0	0	0	0	0	0	315
0.11166	43	39	0	0	0	0	0	0	0	316
0.111918	43	39	0	0	0	0	0	0	0	317
0.112177	43	39	0	0	0	0	0	0	0	317
0.112435	44	40	0	0	0	0	0	0	0	319
0.112693	44	40	0	0	0	0	0	0	0	319
0.112952	43	40	0	0	0	0	0	0	0	319
0.11321	42	40	0	0	0	0	0	0	0	319
0.113469	42	39	0	0	0	0	0	0	0	320
0.113727	42	38	0	0	0	0	0	0	0	320
0.113986	42	36	0	0	0	0	0	0	0	320
0.114244	42	36	0	0	0	0	0	0	0	320
0.114503	42	36	0	0	0	0	0	0	0	320
0.114761	43	36	0	0	0	0	0	0	0	321
0.11502	44	36	0	0	0	0	0	0	0	322
0.115278	43	36	0	0	0	0	0	0	0	322
0.115537	43	36	0	0	0	0	0	0	0	323
0.115795	42	35	0	0	0	0	0	0	0	323
0.116054	42	35	0	0	0	0	0	0	0	323
0.116312	39	35	0	0	0	0	0	0	0	323
0.116571	39	33	0	0	0	0	0	0	0	323
0.116829	41	33	0	0	0	0	0	0	0	325
0.117087	40	33	0	0	0	0	0	0	0	325
0.117346	41	33	0	0	0	0	0	0	0	326
0.117604	41	34	0	0	0	0	0	0	0	327
0.117863	41	34	0	0	0	0	0	0	0	327
0.118121	41	35	0	0	0	0	0	0	0	328
0.11838	41	35	0	0	0	0	0	0	0	329
0.118638	40	35	0	0	0	0	0	0	0	329
0.118897	40	35	0	0	0	0	0	0	0	329
0.119155	40	35	0	0	0	0	0	0	0	329
0.119414	41	36	0	0	0	0	0	0	0	331
0.119672	41	36	0	0	0	0	0	0	0	331
0.119931	41	37	0	0	0	0	0	0	0	332
0.120189	42	36	0	0	0	0	0	0	0	333
0.120448	41	36	0	0	0	0	0	0	0	333
0.120706	42	37	0	0	0	0	0	0	0	335
0.120965	42	39	0	0	0	0	0	0	0	337
0.121223	42	40	0	0	0	0	0	0	0	338
0.121482	40	39	0	0	0	0	0	0	0	338
0.12174	41	40	0	0	0	0	0	0	0	341
0.121998	42	40	0	0	0	0	0	0	0	342
0.122257	42	40	0	0	0	0	0	0	0	342
0.122515	43	39	0	0	0	0	0	0	0	343
0.122774	41	39	0	0	0	0	0	0	0	343
0.123032	41	39	0	0	0	0	0	0	0	343
0.123291	41	40	0	0	0	0	0	0	0	344
0.123549	42	40	0	0	0	0	0	0	0	345
0.123808	42	40	0	0	0	0	0	0	0	345
0.124066	42	40	0	0	0	0	0	0	0	346
0.124325	42	40	0	0	0	0	0	0	0	346
0.124583	42	40	0	0	0	0	0	0	0	347
0.124842	42	40	0	0	0	0	0	0	0	347
0.1251	43	39	0	0	0	0	0	0	0	348
0.125359	43	39	0	0	0	0	0	0	0	348
0.125617	44	39	0	0	0	0	0	0	0	349
0.125876	43	39	0	0	0	0	0	0	0	349
0.126134	43	39	0	0	0	0	0	0	0	350
0.126392	45	41	0	0	0	0	0	0	0	354
0.126651	45	41	0	0	0	0	0	0	0	354
0.126909	44	42	0	0	0	0	0	0	0	355
0.127168	44	42	0	0	0	0	0	0	0	355
0.127426	44	43	0	0	0	0	0	0	0	356
0.127685	44	42	0	0	0	0	0	0	0	356
0.127943	43	42	0	0	0	0	0	0	0	356
0.128202	41	42	0	0	0	0	0	0	0	356
0.12846	40	42	0	0	0	0	0	0	0	356
0.128719	40	42	0	0	0	0	0	0	0	356
0.128977	40	42	0	0	0	0	0	0	0	356
0.129235	41	42	0	0	0	0	0	0	0	357
