TIME (s) 	MONO:A	DIMERS W:A	MONO:H	DIMERS W:H	MONO:L	DIMERS W:L	
0	75	0	75	0	75	0	
0.000258471	74	0	72	2	72	2	
0.000516943	73	1	71	3	70	4	
0.000775414	73	1	70	4	69	5	
0.00103389	72	1	69	4	68	5	
0.00129236	71	2	69	4	67	6	
0.00155083	71	2	68	5	66	7	
0.0018093	71	2	68	5	66	7	
0.00206777	68	5	64	9	59	14	
0.00232624	65	7	61	11	54	18	
0.00258471	64	8	61	11	53	19	
0.00284318	63	9	61	11	52	20	
0.00310166	62	9	60	11	51	20	
0.00336013	62	9	59	12	50	21	
0.0036186	62	9	59	12	50	21	
0.00387707	62	9	57	14	48	23	
0.00413554	62	9	54	17	45	26	
0.00439401	62	9	53	18	44	27	
0.00465248	62	9	53	18	44	27	
0.00491095	62	9	53	18	44	27	
0.00516943	60	12	55	17	43	29	
0.0054279	59	12	55	16	43	28	
0.00568637	57	13	55	15	42	28	
0.00594484	57	13	55	15	42	28	
0.00620331	56	14	55	15	41	29	
0.00646178	56	14	55	15	41	29	
0.00672025	56	14	55	15	41	29	
0.00697872	57	13	54	16	41	29	
0.0072372	58	13	55	16	42	29	
0.00749567	57	13	54	16	41	29	
0.00775414	57	13	54	16	41	29	
0.00801261	56	13	52	17	39	30	
0.00827108	55	13	52	16	39	29	
0.00852955	54	14	52	16	38	30	
0.00878802	53	14	52	15	38	29	
0.0090465	53	14	52	15	38	29	
0.00930497	52	15	52	15	37	30	
0.00956344	53	14	52	15	38	29	
0.00982191	52	15	52	15	37	30	
0.0100804	51	15	52	14	37	29	
0.0103389	50	15	52	13	37	28	
0.0105973	52	14	52	14	38	28	
0.0108558	53	13	50	16	37	29	
0.0111143	52	13	50	15	37	28	
0.0113727	53	13	50	16	37	29	
0.0116312	52	14	50	16	36	30	
0.0118897	51	15	50	16	35	31	
0.0121482	52	15	50	17	35	32	
0.0124066	50	16	47	19	31	35	
0.0126651	51	14	46	19	32	33	
0.0129236	50	14	46	18	32	32	
0.013182	51	13	46	18	33	31	
0.0134405	51	13	46	18	33	31	
0.013699	51	13	47	17	34	30	
0.0139574	51	13	47	17	34	30	
0.0142159	50	14	47	17	33	31	
0.0144744	49	15	48	16	33	31	
0.0147329	48	16	48	16	32	32	
0.0149913	46	17	47	16	30	33	
0.0152498	46	17	47	16	30	33	
0.0155083	46	17	47	16	30	33	
0.0157667	46	17	46	17	29	34	
0.0160252	45	17	45	17	28	34	
0.0162837	47	15	45	17	30	32	
0.0165422	47	15	45	17	30	32	
0.0168006	47	15	45	17	30	32	
0.0170591	47	15	45	17	30	32	
0.0173176	47	15	45	17	30	32	
0.017576	47	15	44	18	29	33	
0.0178345	47	15	44	18	29	33	
0.018093	47	14	42	19	28	33	
0.0183515	46	14	42	18	28	32	
0.0186099	46	14	41	19	27	33	
0.0188684	45	15	41	19	26	34	
0.0191269	45	15	41	19	26	34	
0.0193853	44	16	42	18	26	34	
0.0196438	43	16	42	17	26	33	
0.0199023	43	16	42	17	26	33	
0.0201608	43	16	41	18	25	34	
0.0204192	44	16	41	19	25	35	
0.0206777	44	16	41	19	25	35	
0.0209362	46	15	41	20	26	35	
0.0211946	45	15	41	19	26	34	
0.0214531	45	15	41	19	26	34	
0.0217116	45	15	41	19	26	34	
0.0219701	45	15	41	19	26	34	
0.0222285	45	15	41	19	26	34	
0.022487	45	15	40	20	25	35	
0.0227455	45	14	39	20	25	34	
0.0230039	44	15	40	19	25	34	
0.0232624	44	15	40	19	25	34	
0.0235209	44	15	41	18	26	33	
0.0237794	43	15	41	17	26	32	
0.0240378	43	14	40	17	26	31	
0.0242963	44	12	40	16	28	28	
0.0245548	44	13	41	16	28	29	
0.0248132	44	13	41	16	28	29	
0.0250717	44	13	40	17	27	30	
0.0253302	44	13	40	17	27	30	
0.0255887	44	13	40	17	27	30	
0.0258471	44	13	40	17	27	30	
0.0261056	45	13	40	18	27	31	
0.0263641	44	13	40	17	27	30	
0.0266225	43	14	40	17	26	31	
0.026881	43	13	40	16	27	29	
0.0271395	44	14	41	17	27	31	
0.027398	44	13	40	17	27	30	
0.0276564	44	13	41	16	28	29	
0.0279149	44	13	40	17	27	30	
0.0281734	44	14	40	18	26	32	
0.0284318	44	14	39	19	25	33	
0.0286903	43	14	39	18	25	32	
0.0289488	42	15	39	18	24	33	
0.0292073	40	16	39	17	23	33	
0.0294657	41	17	40	18	23	35	
0.0297242	41	17	39	19	22	36	
0.0299827	41	17	39	19	22	36	
0.0302411	41	17	39	19	22	36	
0.0304996	41	16	39	18	23	34	
0.0307581	41	16	39	18	23	34	
0.0310166	41	16	39	18	23	34	
0.031275	41	16	39	18	23	34	
0.0315335	40	16	39	17	23	33	
0.031792	40	16	39	17	23	33	
0.0320504	40	16	39	17	23	33	
0.0323089	40	16	39	17	23	33	
0.0325674	38	15	38	15	23	30	
0.0328259	38	15	38	15	23	30	
0.0330843	40	16	39	17	23	33	
0.0333428	40	15	38	17	23	32	
0.0336013	39	15	39	15	24	30	
0.0338597	40	14	39	15	25	29	
0.0341182	40	13	39	14	26	27	
0.0343767	39	13	39	13	26	26	
0.0346352	38	14	39	13	25	27	
0.0348936	38	14	39	13	25	27	
0.0351521	38	14	39	13	25	27	
0.0354106	37	15	39	13	24	28	
0.035669	36	16	40	12	24	28	
0.0359275	36	17	41	12	24	29	
0.036186	36	17	41	12	24	29	
0.0364445	36	17	40	13	23	30	
0.0367029	37	17	41	13	24	30	
0.0369614	37	17	41	13	24	30	
0.0372199	37	17	41	13	24	30	
0.0374783	36	18	41	13	23	31	
0.0377368	36	17	40	13	23	30	
0.0379953	37	17	40	14	23	31	
0.0382538	37	17	39	15	22	32	
0.0385122	37	16	38	15	22	31	
0.0387707	37	16	38	15	22	31	
0.0390292	37	16	37	16	21	32	
0.0392876	37	16	37	16	21	32	
0.0395461	37	16	37	16	21	32	
0.0398046	37	18	39	16	21	34	
0.0400631	37	18	39	16	21	34	
0.0403215	37	19	40	16	21	35	
0.04058	37	19	40	16	21	35	
0.0408385	36	20	40	16	20	36	
0.0410969	36	20	40	16	20	36	
0.0413554	36	20	40	16	20	36	
0.0416139	36	20	40	16	20	36	
0.0418723	37	19	39	17	20	36	
0.0421308	38	18	39	17	21	35	
0.0423893	38	18	39	17	21	35	
0.0426478	38	18	39	17	21	35	
0.0429062	38	18	39	17	21	35	
0.0431647	36	19	39	16	20	35	
0.0434232	36	19	39	16	20	35	
0.0436816	36	20	40	16	20	36	
0.0439401	36	20	40	16	20	36	
0.0441986	37	19	39	17	20	36	
0.0444571	37	19	40	16	21	35	
0.0447155	37	19	40	16	21	35	
0.044974	37	19	40	16	21	35	
0.0452325	37	19	39	17	20	36	
0.0454909	36	19	39	16	20	35	
0.0457494	36	18	39	15	21	33	
0.0460079	35	18	39	14	21	32	
0.0462664	34	19	39	14	20	33	
0.0465248	35	19	40	14	21	33	
0.0467833	35	19	39	15	20	34	
0.0470418	35	19	39	15	20	34	
0.0473002	35	20	40	15	20	35	
0.0475587	35	20	40	15	20	35	
0.0478172	35	20	39	16	19	36	
0.0480757	34	20	39	15	19	35	
0.0483341	35	19	38	16	19	35	
0.0485926	35	19	38	16	19	35	
0.0488511	35	19	38	16	19	35	
0.0491095	35	19	38	16	19	35	
0.049368	37	18	38	17	20	35	
0.0496265	37	19	38	18	19	37	
0.049885	37	19	38	18	19	37	
0.0501434	37	18	38	17	20	35	
0.0504019	37	18	37	18	19	36	
0.0506604	37	19	39	17	20	36	
0.0509188	37	19	39	17	20	36	
0.0511773	37	19	39	17	20	36	
0.0514358	36	20	39	17	19	37	
0.0516943	36	19	38	17	19	36	
0.0519527	35	19	38	16	19	35	
0.0522112	34	20	38	16	18	36	
0.0524697	34	20	38	16	18	36	
0.0527281	33	20	38	15	18	35	
0.0529866	34	19	38	15	19	34	
0.0532451	34	19	38	15	19	34	
0.0535036	35	18	38	15	20	33	
0.053762	35	18	38	15	20	33	
0.0540205	35	18	37	16	19	34	
0.054279	35	18	36	17	18	35	
0.0545374	35	18	36	17	18	35	
0.0547959	35	19	37	17	18	36	
0.0550544	35	19	37	17	18	36	
0.0553129	36	19	36	19	17	38	
0.0555713	35	20	36	19	16	39	
0.0558298	33	20	36	17	16	37	
0.0560883	33	20	36	17	16	37	
0.0563467	33	20	36	17	16	37	
0.0566052	33	20	36	17	16	37	
0.0568637	33	20	36	17	16	37	
0.0571222	33	21	37	17	16	38	
0.0573806	34	21	37	18	16	39	
0.0576391	34	21	38	17	17	38	
0.0578976	34	21	38	17	17	38	
0.058156	36	21	39	18	18	39	
0.0584145	36	20	38	18	18	38	
0.058673	36	20	37	19	17	39	
0.0589315	36	20	37	19	17	39	
0.0591899	36	20	37	19	17	39	
0.0594484	35	21	38	18	17	39	
0.0597069	35	21	38	18	17	39	
0.0599653	35	20	37	18	17	38	
0.0602238	35	20	37	18	17	38	
0.0604823	35	20	37	18	17	38	
0.0607408	35	20	37	18	17	38	
0.0609992	35	20	37	18	17	38	
0.0612577	36	19	36	19	17	38	
0.0615162	35	19	36	18	17	37	
0.0617746	35	19	36	18	17	37	
0.0620331	36	17	34	19	17	36	
0.0622916	36	17	35	18	18	35	
0.0625501	35	17	35	17	18	34	
0.0628085	34	19	36	17	17	36	
0.063067	34	19	36	17	17	36	
0.0633255	34	19	36	17	17	36	
0.0635839	33	20	36	17	16	37	
0.0638424	32	20	36	16	16	36	
0.0641009	33	20	36	17	16	37	
0.0643594	34	18	35	17	17	35	
0.0646178	33	18	33	18	15	36	
0.0648763	34	17	33	18	16	35	
0.0651348	34	16	32	18	16	34	
0.0653932	36	16	32	20	16	36	
0.0656517	36	17	31	22	14	39	
0.0659102	36	17	31	22	14	39	
0.0661687	36	17	32	21	15	38	
0.0664271	36	17	32	21	15	38	
0.0666856	37	17	32	22	15	39	
0.0669441	37	17	30	24	13	41	
0.0672025	37	16	29	24	13	40	
0.067461	37	16	29	24	13	40	
0.0677195	36	17	29	24	12	41	
0.067978	36	17	30	23	13	40	
0.0682364	37	15	29	23	14	38	
0.0684949	38	15	29	24	14	39	
0.0687534	38	15	30	23	15	38	
0.0690118	37	16	30	23	14	39	
0.0692703	37	16	30	23	14	39	
0.0695288	38	16	30	24	14	40	
0.0697872	38	16	30	24	14	40	
0.0700457	37	17	31	23	14	40	
0.0703042	37	17	31	23	14	40	
0.0705627	37	19	33	23	14	42	
0.0708211	38	19	34	23	15	42	
0.0710796	39	18	34	23	16	41	
0.0713381	38	19	34	23	15	42	
0.0715965	38	19	34	23	15	42	
0.071855	40	18	34	24	16	42	
0.0721135	40	18	34	24	16	42	
0.072372	39	17	33	23	16	40	
0.0726304	39	18	33	24	15	42	
0.0728889	39	18	33	24	15	42	
0.0731474	39	18	33	24	15	42	
0.0734058	39	18	33	24	15	42	
0.0736643	39	18	33	24	15	42	
0.0739228	39	18	33	24	15	42	
0.0741813	39	19	34	24	15	43	
0.0744397	40	18	35	23	17	41	
0.0746982	41	16	34	23	18	39	
0.0749567	41	16	34	23	18	39	
0.0752151	42	16	34	24	18	40	
0.0754736	43	16	34	25	18	41	
0.0757321	43	17	35	25	18	42	
0.0759906	43	17	35	25	18	42	
0.076249	42	17	35	24	18	41	
0.0765075	41	18	36	23	18	41	
0.076766	41	18	36	23	18	41	
0.0770244	40	19	36	23	17	42	
0.0772829	40	18	35	23	17	41	
0.0775414	39	18	35	22	17	40	
0.0777999	39	18	36	21	18	39	
0.0780583	39	18	36	21	18	39	
0.0783168	40	18	36	22	18	40	
0.0785753	40	18	36	22	18	40	
0.0788337	40	19	37	22	18	41	
0.0790922	39	21	38	22	17	43	
0.0793507	39	20	36	23	16	43	
0.0796092	39	20	35	24	15	44	
0.0798676	39	20	34	25	14	45	
0.0801261	40	20	35	25	15	45	
0.0803846	39	21	35	25	14	46	
0.080643	39	20	34	25	14	45	
0.0809015	39	20	35	24	15	44	
0.08116	38	20	34	24	14	44	
0.0814185	38	20	33	25	13	45	
0.0816769	38	20	33	25	13	45	
0.0819354	37	20	34	23	14	43	
0.0821939	37	20	34	23	14	43	
0.0824523	37	20	34	23	14	43	
0.0827108	37	20	34	23	14	43	
0.0829693	36	20	34	22	14	42	
0.0832278	36	20	34	22	14	42	
0.0834862	36	20	34	22	14	42	
0.0837447	36	20	34	22	14	42	
0.0840032	36	20	34	22	14	42	
0.0842616	35	20	33	22	13	42	
0.0845201	35	19	32	22	13	41	
0.0847786	35	20	33	22	13	42	
0.0850371	34	21	33	22	12	43	
0.0852955	34	21	33	22	12	43	
0.085554	34	21	33	22	12	43	
0.0858125	35	20	33	22	13	42	
0.0860709	34	20	33	21	13	41	
0.0863294	34	20	33	21	13	41	
0.0865879	34	19	32	21	13	40	
0.0868464	32	18	30	20	12	38	
0.0871048	31	18	30	19	12	37	
0.0873633	31	19	31	19	12	38	
0.0876218	31	19	31	19	12	38	
0.0878802	30	19	31	18	12	37	
0.0881387	30	19	32	17	13	36	
0.0883972	31	19	33	17	14	36	
0.0886557	31	20	34	17	14	37	
0.0889141	30	21	35	16	14	37	
0.0891726	32	21	37	16	16	37	
0.0894311	33	21	37	17	16	38	
0.0896895	34	20	37	17	17	37	
0.089948	34	20	37	17	17	37	
0.0902065	34	19	37	16	18	35	
0.090465	34	19	36	17	17	36	
0.0907234	35	18	36	17	18	35	
0.0909819	34	18	36	16	18	34	
0.0912404	33	18	36	15	18	33	
0.0914988	33	18	36	15	18	33	
0.0917573	33	18	36	15	18	33	
0.0920158	33	18	36	15	18	33	
0.0922743	33	17	35	15	18	32	
0.0925327	33	18	35	16	17	34	
0.0927912	33	18	34	17	16	35	
0.0930497	33	18	35	16	17	34	
0.0933081	35	18	34	19	16	37	
0.0935666	36	17	34	19	17	36	
0.0938251	36	17	34	19	17	36	
0.0940836	36	17	33	20	16	37	
0.094342	36	17	32	21	15	38	
0.0946005	36	17	32	21	15	38	
0.094859	36	17	33	20	16	37	
0.0951174	36	17	33	20	16	37	
0.0953759	36	16	32	20	16	36	
0.0956344	36	17	33	20	16	37	
0.0958929	35	17	34	18	17	35	
0.0961513	35	17	34	18	17	35	
0.0964098	36	17	34	19	17	36	
0.0966683	36	17	34	19	17	36	
0.0969267	35	18	34	19	16	37	
0.0971852	35	18	34	19	16	37	
0.0974437	34	18	33	19	15	37	
0.0977021	32	19	34	17	15	36	
0.0979606	32	19	34	17	15	36	
0.0982191	33	18	34	17	16	35	
0.0984776	33	18	34	17	16	35	
0.098736	34	17	33	18	16	35	
0.0989945	33	18	34	17	16	35	
0.099253	31	19	33	17	14	36	
0.0995114	31	20	33	18	13	38	
0.0997699	32	20	34	18	14	38	
0.100028	34	19	34	19	15	38	
0.100287	34	19	34	19	15	38	
0.100545	34	19	35	18	16	37	
0.100804	35	18	35	18	17	36	
0.101062	35	19	36	18	17	37	
0.101321	35	19	36	18	17	37	
0.101579	35	19	35	19	16	38	
0.101838	34	19	35	18	16	37	
0.102096	34	19	35	18	16	37	
0.102355	33	20	35	18	15	38	
0.102613	33	20	35	18	15	38	
0.102872	33	20	35	18	15	38	
0.10313	33	20	35	18	15	38	
0.103389	34	20	35	19	15	39	
0.103647	35	17	33	19	16	36	
0.103905	34	17	33	18	16	35	
0.104164	34	17	33	18	16	35	
0.104422	34	18	34	18	16	36	
0.104681	33	18	34	17	16	35	
0.104939	34	18	34	18	16	36	
0.105198	33	19	34	18	15	37	
0.105456	32	20	33	19	13	39	
0.105715	31	20	33	18	13	38	
0.105973	31	20	33	18	13	38	
0.106232	31	20	34	17	14	37	
0.10649	31	19	34	16	15	35	
0.106749	31	20	35	16	15	36	
0.107007	31	20	35	16	15	36	
0.107266	32	19	34	17	15	36	
0.107524	32	19	34	17	15	36	
0.107783	33	18	34	17	16	35	
0.108041	32	19	34	17	15	36	
0.108299	32	19	35	16	16	35	
0.108558	32	19	35	16	16	35	
0.108816	31	19	36	14	17	33	
0.109075	32	18	35	15	17	33	
0.109333	32	18	35	15	17	33	
0.109592	32	20	37	15	17	35	
0.10985	32	20	36	16	16	36	
0.110109	31	19	35	15	16	34	
0.110367	31	18	34	15	16	33	
0.110626	31	18	34	15	16	33	
0.110884	31	18	34	15	16	33	
0.111143	31	19	35	15	16	34	
0.111401	32	21	37	16	16	37	
0.11166	32	20	36	16	16	36	
0.111918	32	20	36	16	16	36	
0.112177	32	20	36	16	16	36	
0.112435	31	20	35	16	15	36	
0.112693	31	20	35	16	15	36	
0.112952	32	20	35	17	15	37	
0.11321	33	19	35	17	16	36	
0.113469	33	20	36	17	16	37	
0.113727	33	21	37	17	16	38	
0.113986	33	23	39	17	16	40	
0.114244	33	23	39	17	16	40	
0.114503	33	23	39	17	16	40	
0.114761	32	23	39	16	16	39	
0.11502	31	23	39	15	16	38	
0.115278	32	22	39	15	17	37	
0.115537	32	23	39	16	16	39	
0.115795	33	23	40	16	17	39	
0.116054	33	23	40	16	17	39	
0.116312	36	20	40	16	20	36	
0.116571	36	21	42	15	21	36	
0.116829	34	23	42	15	19	38	
0.117087	35	23	42	16	19	39	
0.117346	34	24	42	16	18	40	
0.117604	34	23	41	16	18	39	
0.117863	34	23	41	16	18	39	
0.118121	34	22	40	16	18	38	
0.11838	34	22	40	16	18	38	
0.118638	35	21	40	16	19	37	
0.118897	35	21	40	16	19	37	
0.119155	35	21	40	16	19	37	
0.119414	34	22	39	17	17	39	
0.119672	34	22	39	17	17	39	
0.119931	34	22	38	18	16	40	
0.120189	33	24	39	18	15	42	
0.120448	34	23	39	18	16	41	
0.120706	33	23	38	18	15	41	
0.120965	33	22	36	19	14	41	
0.121223	33	21	35	19	14	40	
0.121482	35	21	36	20	15	41	
0.12174	34	21	35	20	14	41	
0.121998	33	22	35	20	13	42	
0.122257	33	22	35	20	13	42	
0.122515	32	22	36	18	14	40	
0.122774	34	21	36	19	15	40	
0.123032	34	21	36	19	15	40	
0.123291	34	21	35	20	14	41	
0.123549	33	21	35	19	14	40	
0.123808	33	21	35	19	14	40	
0.124066	33	20	35	18	15	38	
0.124325	33	20	35	18	15	38	
0.124583	33	21	35	19	14	40	
0.124842	33	21	35	19	14	40	
0.1251	32	21	36	17	15	38	
0.125359	32	21	36	17	15	38	
0.125617	31	22	36	17	14	39	
0.125876	32	21	36	17	15	38	
0.126134	32	21	36	17	15	38	
0.126392	30	21	34	17	13	38	
0.126651	30	21	34	17	13	38	
0.126909	31	21	33	19	12	40	
0.127168	31	21	33	19	12	40	
0.127426	31	20	32	19	12	39	
0.127685	31	20	33	18	13	38	
0.127943	32	20	33	19	13	39	
0.128202	34	20	33	21	13	41	
0.12846	35	20	33	22	13	42	
0.128719	35	20	33	22	13	42	
0.128977	35	20	33	22	13	42	
0.129235	34	20	33	21	13	41	
