TIME(s)	'A,A'	Nloops	nOverlapPartner	nOverlapSystem	nOverlapSpanBox	nDisplace2D	nDisplace3D	nDisplace3Dto2D	nAssocSuccess
0	0	0	0	0	0	0	0	0	0
0.000456528	5	1	0	0	0	0	0	0	4
0.000913057	11	2	0	0	0	0	0	0	9
0.00136959	18	4	0	0	0	0	0	0	14
0.00182611	24	6	1	0	0	0	0	0	18
0.00228264	31	9	1	0	0	0	0	0	22
0.00273917	31	9	1	0	0	0	0	0	22
0.0031957	37	12	1	0	0	0	0	0	25
0.00365223	39	12	1	0	0	0	0	0	27
0.00410876	43	13	2	0	0	0	0	0	30
0.00456528	47	15	3	0	0	0	0	0	32
0.00502181	50	16	3	0	0	0	0	0	35
0.00547834	55	19	3	0	0	0	0	0	37
0.00593487	58	19	3	0	0	0	0	0	40
0.0063914	58	19	3	0	0	0	0	0	40
0.00684793	58	19	3	0	0	0	0	0	40
0.00730446	60	20	3	0	0	0	0	0	42
0.00776098	60	20	3	0	0	0	0	0	42
0.00821751	60	20	4	0	0	0	0	0	42
0.00867404	60	20	5	0	0	0	0	0	42
0.00913057	60	20	5	0	0	0	0	0	42
0.0095871	63	22	6	0	0	0	0	0	43
0.0100436	63	22	6	0	0	0	0	0	43
0.0105002	66	24	6	0	0	0	0	0	44
0.0109567	66	24	6	0	0	0	0	0	44
0.0114132	68	26	6	0	0	0	0	0	45
0.0118697	68	26	6	0	0	0	0	0	45
0.0123263	68	26	6	0	0	0	0	0	45
0.0127828	70	27	6	0	0	0	0	0	46
0.0132393	70	27	6	0	0	0	0	0	46
0.0136959	70	27	6	0	0	0	0	0	47
0.0141524	70	27	6	0	0	0	0	0	47
0.0146089	70	27	6	0	0	0	0	0	47
0.0150654	71	27	6	0	0	0	0	0	48
0.015522	74	29	6	0	0	0	0	0	50
0.0159785	78	31	6	0	0	0	0	0	52
0.016435	78	31	6	0	0	0	0	0	52
0.0168916	81	32	6	0	0	0	0	0	54
0.0173481	81	32	7	0	0	0	0	0	54
0.0178046	80	32	7	0	0	0	0	0	54
0.0182611	80	32	7	0	0	0	0	0	54
0.0187177	80	32	7	0	0	0	0	0	54
0.0191742	81	32	8	0	0	0	0	0	55
0.0196307	81	32	8	0	0	0	0	0	55
0.0200873	81	32	8	0	0	0	0	0	55
0.0205438	81	32	8	0	0	0	0	0	55
0.0210003	81	32	8	0	0	0	0	0	55
0.0214568	81	32	8	0	0	0	0	0	55
0.0219134	81	32	10	0	0	0	0	0	55
0.0223699	80	32	11	0	0	0	0	0	55
0.0228264	80	32	11	0	0	0	0	0	55
0.023283	80	32	11	0	0	0	0	0	55
0.0237395	80	32	11	0	0	0	0	0	55
0.024196	80	32	13	0	0	0	0	0	55
0.0246525	80	32	13	0	0	0	0	0	55
0.0251091	80	32	13	0	0	0	0	0	55
0.0255656	80	32	14	0	0	0	0	0	56
0.0260221	80	32	14	0	0	0	0	0	56
0.0264786	80	32	14	0	0	0	0	0	56
0.0269352	81	32	14	0	0	0	0	0	57
0.0273917	80	32	14	0	0	0	0	0	57
0.0278482	80	32	14	0	0	0	0	0	57
0.0283048	80	32	14	0	0	0	0	0	58
0.0287613	80	32	14	0	0	0	0	0	58
0.0292178	80	32	15	0	0	0	0	0	58
0.0296743	80	32	15	0	0	0	0	0	58
0.0301309	82	33	16	0	0	0	0	0	59
0.0305874	82	33	16	0	0	0	0	0	59
0.0310439	82	33	17	0	0	0	0	0	59
0.0315005	82	33	19	0	0	0	0	0	59
0.031957	85	35	20	0	0	0	0	0	60
0.0324135	87	36	21	0	0	0	0	0	61
0.03287	87	36	21	0	0	0	0	0	61
0.0333266	87	36	21	0	0	0	0	0	61
0.0337831	87	36	21	0	0	0	0	0	61
0.0342396	87	36	21	0	0	0	0	0	61
0.0346962	87	36	21	0	0	0	0	0	61
0.0351527	87	36	21	0	0	0	0	0	61
0.0356092	87	36	21	0	0	0	0	0	61
0.0360657	87	36	21	0	0	0	0	0	61
0.0365223	91	39	21	0	0	0	0	0	62
0.0369788	91	39	22	0	0	0	0	0	62
0.0374353	91	39	22	0	0	0	0	0	62
0.0378919	91	39	23	0	0	0	0	0	62
0.0383484	91	39	23	0	0	0	0	0	62
0.0388049	91	39	23	0	0	0	0	0	62
0.0392614	91	39	23	0	0	0	0	0	62
0.039718	91	39	23	0	0	0	0	0	62
0.0401745	91	39	23	0	0	0	0	0	62
0.040631	93	40	23	0	0	0	0	0	63
0.0410876	93	40	23	0	0	0	0	0	63
0.0415441	93	40	23	0	0	0	0	0	63
0.0420006	92	40	23	0	0	0	0	0	63
0.0424571	92	40	23	0	0	0	0	0	63
0.0429137	92	40	23	0	0	0	0	0	63
0.0433702	92	40	23	0	0	0	0	0	63
0.0438267	92	40	23	0	0	0	0	0	63
0.0442833	92	40	23	0	0	0	0	0	63
0.0447398	92	40	23	0	0	0	0	0	63
0.0451963	92	40	23	0	0	0	0	0	63
0.0456528	92	40	23	0	0	0	0	0	63
0.0461094	92	40	23	0	0	0	0	0	63
0.0465659	92	40	23	0	0	0	0	0	63
0.0470224	92	40	23	0	0	0	0	0	63
0.047479	92	40	23	0	0	0	0	0	63
0.0479355	92	40	23	0	0	0	0	0	63
0.048392	92	40	23	0	0	0	0	0	63
0.0488485	92	40	24	0	0	0	0	0	63
0.0493051	92	40	24	0	0	0	0	0	63
0.0497616	92	40	24	0	0	0	0	0	63
0.0502181	92	40	24	0	0	0	0	0	63
0.0506747	92	40	25	0	0	0	0	0	63
0.0511312	95	42	25	0	0	0	0	0	64
0.0515877	95	42	25	0	0	0	0	0	64
0.0520442	95	42	25	0	0	0	0	0	64
0.0525008	95	42	25	0	0	0	0	0	64
0.0529573	94	42	25	0	0	0	0	0	64
0.0534138	94	42	25	0	0	0	0	0	64
0.0538704	94	42	25	0	0	0	0	0	64
0.0543269	94	42	25	0	0	0	0	0	64
0.0547834	94	42	26	0	0	0	0	0	64
0.0552399	94	42	26	0	0	0	0	0	64
0.0556965	94	42	26	0	0	0	0	0	64
0.056153	94	42	26	0	0	0	0	0	64
0.0566095	94	42	26	0	0	0	0	0	64
0.0570661	94	42	26	0	0	0	0	0	64
0.0575226	97	44	26	0	0	0	0	0	65
0.0579791	97	44	26	0	0	0	0	0	65
0.0584356	97	44	26	0	0	0	0	0	65
0.0588922	97	44	26	0	0	0	0	0	65
0.0593487	97	44	26	0	0	0	0	0	65
0.0598052	97	44	26	0	0	0	0	0	65
0.0602618	100	46	26	0	0	0	0	0	66
0.0607183	103	48	26	0	0	0	0	0	67
0.0611748	103	48	26	0	0	0	0	0	67
0.0616313	103	48	26	0	0	0	0	0	67
0.0620879	103	48	26	0	0	0	0	0	67
0.0625444	103	48	26	0	0	0	0	0	67
0.0630009	103	48	26	0	0	0	0	0	67
0.0634575	103	48	26	0	0	0	0	0	67
0.063914	103	48	26	0	0	0	0	0	67
0.0643705	103	48	26	0	0	0	0	0	67
0.064827	103	48	26	0	0	0	0	0	67
0.0652836	103	48	26	0	0	0	0	0	67
0.0657401	103	48	26	0	0	0	0	0	67
0.0661966	103	48	26	0	0	0	0	0	67
0.0666532	103	48	26	0	0	0	0	0	67
0.0671097	103	48	26	0	0	0	0	0	67
0.0675662	103	48	26	0	0	0	0	0	67
0.0680227	103	48	26	0	0	0	0	0	67
0.0684793	103	48	26	0	0	0	0	0	67
0.0689358	103	48	26	0	0	0	0	0	67
0.0693923	103	48	26	0	0	0	0	0	67
0.0698489	103	48	26	0	0	0	0	0	67
0.0703054	103	48	26	0	0	0	0	0	67
0.0707619	103	48	26	0	0	0	0	0	67
0.0712184	103	48	26	0	0	0	0	0	67
0.071675	103	48	26	0	0	0	0	0	67
0.0721315	103	48	26	0	0	0	0	0	67
0.072588	103	48	26	0	0	0	0	0	67
0.0730446	103	48	26	0	0	0	0	0	67
0.0735011	103	48	26	0	0	0	0	0	67
0.0739576	103	48	26	0	0	0	0	0	67
0.0744141	103	48	27	0	0	0	0	0	67
0.0748707	103	48	27	0	0	0	0	0	67
0.0753272	103	48	27	0	0	0	0	0	67
0.0757837	103	48	27	0	0	0	0	0	67
0.0762403	103	48	27	0	0	0	0	0	67
0.0766968	103	48	27	0	0	0	0	0	67
0.0771533	103	48	27	0	0	0	0	0	67
0.0776098	103	48	27	0	0	0	0	0	67
0.0780664	103	48	27	0	0	0	0	0	67
0.0785229	103	48	27	0	0	0	0	0	67
0.0789794	103	48	27	0	0	0	0	0	67
0.0794359	103	48	27	0	0	0	0	0	67
0.0798925	103	48	27	0	0	0	0	0	67
0.080349	103	48	27	0	0	0	0	0	67
0.0808055	103	48	27	0	0	0	0	0	67
0.0812621	103	48	27	0	0	0	0	0	67
0.0817186	103	48	27	0	0	0	0	0	67
0.0821751	103	48	27	0	0	0	0	0	67
0.0826316	103	48	27	0	0	0	0	0	67
0.0830882	103	48	27	0	0	0	0	0	67
0.0835447	103	48	27	0	0	0	0	0	67
0.0840012	103	48	27	0	0	0	0	0	67
0.0844578	103	48	27	0	0	0	0	0	67
0.0849143	103	48	27	0	0	0	0	0	67
0.0853708	103	48	27	0	0	0	0	0	67
0.0858273	103	48	27	0	0	0	0	0	67
0.0862839	103	48	27	0	0	0	0	0	67
0.0867404	103	48	27	0	0	0	0	0	67
0.0871969	103	48	27	0	0	0	0	0	67
0.0876535	103	48	27	0	0	0	0	0	67
0.08811	103	48	27	0	0	0	0	0	67
0.0885665	103	48	27	0	0	0	0	0	67
0.089023	103	48	27	0	0	0	0	0	67
0.0894796	103	48	27	0	0	0	0	0	67
0.0899361	103	48	27	0	0	0	0	0	67
0.0903926	103	48	27	0	0	0	0	0	67
0.0908492	103	48	27	0	0	0	0	0	67
0.0913057	103	48	27	0	0	0	0	0	67
0.0917622	103	48	27	0	0	0	0	0	67
0.0922187	103	48	27	0	0	0	0	0	67
0.0926753	103	48	27	0	0	0	0	0	67
0.0931318	103	48	27	0	0	0	0	0	67
0.0935883	103	48	27	0	0	0	0	0	67
0.0940449	103	48	27	0	0	0	0	0	67
0.0945014	103	48	27	0	0	0	0	0	67
0.0949579	103	48	27	0	0	0	0	0	67
0.0954144	103	48	27	0	0	0	0	0	67
0.095871	103	48	27	0	0	0	0	0	67
0.0963275	103	48	27	0	0	0	0	0	67
0.096784	103	48	27	0	0	0	0	0	67
0.0972406	103	48	27	0	0	0	0	0	67
0.0976971	103	48	27	0	0	0	0	0	67
0.0981536	103	48	27	0	0	0	0	0	67
0.0986101	103	48	27	0	0	0	0	0	67
0.0990667	103	48	27	0	0	0	0	0	67
0.0995232	103	48	27	0	0	0	0	0	67
0.0999797	103	48	27	0	0	0	0	0	67
0.100436	103	48	27	0	0	0	0	0	67
0.100893	103	48	27	0	0	0	0	0	67
0.101349	103	48	27	0	0	0	0	0	67
0.101806	103	48	27	0	0	0	0	0	67
0.102262	103	48	27	0	0	0	0	0	67
0.102719	103	48	27	0	0	0	0	0	67
0.103175	103	48	27	0	0	0	0	0	67
0.103632	103	48	27	0	0	0	0	0	67
0.104088	103	48	27	0	0	0	0	0	67
0.104545	103	48	27	0	0	0	0	0	67
0.105002	103	48	27	0	0	0	0	0	67
0.105458	103	48	27	0	0	0	0	0	67
0.105915	103	48	27	0	0	0	0	0	67
0.106371	103	48	27	0	0	0	0	0	67
0.106828	103	48	27	0	0	0	0	0	67
0.107284	103	48	27	0	0	0	0	0	67
0.107741	103	48	27	0	0	0	0	0	67
0.108197	103	48	27	0	0	0	0	0	67
0.108654	103	48	27	0	0	0	0	0	67
0.10911	103	48	27	0	0	0	0	0	67
0.109567	103	48	27	0	0	0	0	0	67
0.110023	103	48	27	0	0	0	0	0	67
0.11048	103	48	27	0	0	0	0	0	67
0.110936	103	48	27	0	0	0	0	0	67
0.111393	103	48	27	0	0	0	0	0	67
0.111849	103	48	27	0	0	0	0	0	67
0.112306	103	48	27	0	0	0	0	0	67
0.112763	103	48	27	0	0	0	0	0	67
0.113219	103	48	27	0	0	0	0	0	67
0.113676	103	48	27	0	0	0	0	0	67
0.114132	103	48	27	0	0	0	0	0	67
0.114589	103	48	27	0	0	0	0	0	67
0.115045	103	48	27	0	0	0	0	0	67
0.115502	103	48	27	0	0	0	0	0	67
0.115958	103	48	27	0	0	0	0	0	67
0.116415	103	48	27	0	0	0	0	0	67
0.116871	103	48	27	0	0	0	0	0	67
0.117328	103	48	27	0	0	0	0	0	67
0.117784	103	48	27	0	0	0	0	0	67
0.118241	103	48	27	0	0	0	0	0	67
0.118697	103	48	27	0	0	0	0	0	67
0.119154	103	48	27	0	0	0	0	0	67
0.11961	103	48	27	0	0	0	0	0	67
0.120067	103	48	27	0	0	0	0	0	67
0.120524	103	48	27	0	0	0	0	0	67
0.12098	103	48	27	0	0	0	0	0	67
0.121437	103	48	27	0	0	0	0	0	67
0.121893	103	48	27	0	0	0	0	0	67
0.12235	103	48	27	0	0	0	0	0	67
0.122806	103	48	27	0	0	0	0	0	67
0.123263	103	48	27	0	0	0	0	0	67
0.123719	103	48	27	0	0	0	0	0	67
0.124176	103	48	27	0	0	0	0	0	67
0.124632	103	48	27	0	0	0	0	0	67
0.125089	103	48	27	0	0	0	0	0	67
0.125545	103	48	27	0	0	0	0	0	67
0.126002	103	48	27	0	0	0	0	0	67
0.126458	103	48	27	0	0	0	0	0	67
0.126915	103	48	28	0	0	0	0	0	67
0.127371	103	48	28	0	0	0	0	0	67
0.127828	103	48	28	0	0	0	0	0	67
0.128284	103	48	28	0	0	0	0	0	67
0.128741	103	48	28	0	0	0	0	0	67
0.129198	103	48	28	0	0	0	0	0	67
0.129654	103	48	28	0	0	0	0	0	67
0.130111	103	48	28	0	0	0	0	0	67
0.130567	103	48	28	0	0	0	0	0	67
0.131024	103	48	28	0	0	0	0	0	67
0.13148	103	48	28	0	0	0	0	0	67
0.131937	103	48	28	0	0	0	0	0	67
0.132393	103	48	28	0	0	0	0	0	67
0.13285	103	48	29	0	0	0	0	0	67
0.133306	103	48	29	0	0	0	0	0	67
0.133763	103	48	29	0	0	0	0	0	67
0.134219	103	48	29	0	0	0	0	0	67
0.134676	103	48	29	0	0	0	0	0	67
0.135132	103	48	29	0	0	0	0	0	67
0.135589	103	48	29	0	0	0	0	0	67
0.136045	103	48	29	0	0	0	0	0	67
0.136502	103	48	29	0	0	0	0	0	67
0.136959	103	48	29	0	0	0	0	0	67
0.137415	103	48	29	0	0	0	0	0	67
0.137872	103	48	29	0	0	0	0	0	67
0.138328	103	48	29	0	0	0	0	0	67
0.138785	103	48	29	0	0	0	0	0	67
0.139241	103	48	29	0	0	0	0	0	67
0.139698	103	48	29	0	0	0	0	0	67
0.140154	103	48	29	0	0	0	0	0	67
0.140611	103	48	29	0	0	0	0	0	67
0.141067	103	48	29	0	0	0	0	0	67
0.141524	103	48	29	0	0	0	0	0	67
0.14198	103	48	29	0	0	0	0	0	67
0.142437	103	48	29	0	0	0	0	0	67
0.142893	103	48	29	0	0	0	0	0	67
0.14335	103	48	29	0	0	0	0	0	67
0.143806	103	48	29	0	0	0	0	0	67
0.144263	103	48	29	0	0	0	0	0	67
0.14472	103	48	29	0	0	0	0	0	67
0.145176	103	48	29	0	0	0	0	0	67
0.145633	103	48	29	0	0	0	0	0	67
0.146089	103	48	29	0	0	0	0	0	67
0.146546	103	48	29	0	0	0	0	0	67
0.147002	103	48	29	0	0	0	0	0	67
0.147459	103	48	29	0	0	0	0	0	67
0.147915	103	48	29	0	0	0	0	0	67
0.148372	103	48	29	0	0	0	0	0	67
0.148828	103	48	29	0	0	0	0	0	67
0.149285	103	48	29	0	0	0	0	0	67
0.149741	103	48	29	0	0	0	0	0	67
0.150198	103	48	29	0	0	0	0	0	67
0.150654	103	48	29	0	0	0	0	0	67
0.151111	103	48	30	0	0	0	0	0	67
0.151567	103	48	30	0	0	0	0	0	67
0.152024	103	48	30	0	0	0	0	0	67
0.152481	103	48	30	0	0	0	0	0	67
0.152937	103	48	30	0	0	0	0	0	67
0.153394	103	48	30	0	0	0	0	0	67
0.15385	103	48	30	0	0	0	0	0	67
0.154307	103	48	30	0	0	0	0	0	67
0.154763	103	48	30	0	0	0	0	0	67
0.15522	103	48	30	0	0	0	0	0	67
0.155676	103	48	30	0	0	0	0	0	67
0.156133	103	48	30	0	0	0	0	0	67
0.156589	103	48	30	0	0	0	0	0	67
0.157046	103	48	31	0	0	0	0	0	67
0.157502	103	48	31	0	0	0	0	0	67
0.157959	103	48	31	0	0	0	0	0	67
0.158415	103	48	31	0	0	0	0	0	67
0.158872	103	48	31	0	0	0	0	0	67
0.159328	103	48	31	0	0	0	0	0	67
0.159785	103	48	31	0	0	0	0	0	67
0.160241	103	48	31	0	0	0	0	0	67
0.160698	103	48	31	0	0	0	0	0	67
0.161155	103	48	31	0	0	0	0	0	67
0.161611	103	48	32	0	0	0	0	0	67
0.162068	103	48	32	0	0	0	0	0	67
0.162524	103	48	32	0	0	0	0	0	67
0.162981	103	48	32	0	0	0	0	0	67
0.163437	103	48	32	0	0	0	0	0	67
0.163894	103	48	32	0	0	0	0	0	67
0.16435	103	48	32	0	0	0	0	0	67
0.164807	103	48	32	0	0	0	0	0	67
0.165263	103	48	32	0	0	0	0	0	67
0.16572	103	48	32	0	0	0	0	0	67
0.166176	103	48	32	0	0	0	0	0	67
0.166633	103	48	32	0	0	0	0	0	67
0.167089	103	48	32	0	0	0	0	0	67
0.167546	103	48	32	0	0	0	0	0	67
0.168002	103	48	32	0	0	0	0	0	67
0.168459	103	48	32	0	0	0	0	0	67
0.168916	103	48	32	0	0	0	0	0	67
0.169372	103	48	32	0	0	0	0	0	67
0.169829	103	48	32	0	0	0	0	0	67
0.170285	103	48	32	0	0	0	0	0	67
0.170742	103	48	32	0	0	0	0	0	67
0.171198	103	48	32	0	0	0	0	0	67
0.171655	103	48	32	0	0	0	0	0	67
0.172111	103	48	32	0	0	0	0	0	67
0.172568	103	48	32	0	0	0	0	0	67
0.173024	103	48	32	0	0	0	0	0	67
0.173481	103	48	32	0	0	0	0	0	67
0.173937	103	48	32	0	0	0	0	0	67
0.174394	103	48	32	0	0	0	0	0	67
0.17485	103	48	32	0	0	0	0	0	67
0.175307	103	48	33	0	0	0	0	0	67
0.175763	103	48	33	0	0	0	0	0	67
0.17622	103	48	33	0	0	0	0	0	67
0.176677	103	48	33	0	0	0	0	0	67
0.177133	103	48	33	0	0	0	0	0	67
0.17759	103	48	33	0	0	0	0	0	67
0.178046	103	48	33	0	0	0	0	0	67
0.178503	103	48	33	0	0	0	0	0	67
0.178959	103	48	33	0	0	0	0	0	67
0.179416	103	48	33	0	0	0	0	0	67
0.179872	103	48	33	0	0	0	0	0	67
0.180329	103	48	33	0	0	0	0	0	67
0.180785	103	48	33	0	0	0	0	0	67
0.181242	103	48	33	0	0	0	0	0	67
0.181698	103	48	34	0	0	0	0	0	67
0.182155	103	48	34	0	0	0	0	0	67
0.182611	103	48	34	0	0	0	0	0	67
0.183068	103	48	34	0	0	0	0	0	67
0.183524	103	48	34	0	0	0	0	0	67
0.183981	103	48	34	0	0	0	0	0	67
0.184437	103	48	34	0	0	0	0	0	67
0.184894	103	48	35	0	0	0	0	0	67
0.185351	103	48	35	0	0	0	0	0	67
0.185807	103	48	35	0	0	0	0	0	67
0.186264	103	48	35	0	0	0	0	0	67
0.18672	103	48	35	0	0	0	0	0	67
0.187177	103	48	35	0	0	0	0	0	67
0.187633	103	48	35	0	0	0	0	0	67
0.18809	103	48	35	0	0	0	0	0	67
0.188546	103	48	35	0	0	0	0	0	67
0.189003	103	48	36	0	0	0	0	0	67
0.189459	103	48	36	0	0	0	0	0	67
0.189916	103	48	36	0	0	0	0	0	67
0.190372	103	48	36	0	0	0	0	0	67
0.190829	103	48	36	0	0	0	0	0	67
0.191285	103	48	36	0	0	0	0	0	67
0.191742	103	48	36	0	0	0	0	0	67
0.192198	103	48	36	0	0	0	0	0	67
0.192655	103	48	36	0	0	0	0	0	67
0.193112	103	48	36	0	0	0	0	0	67
0.193568	103	48	36	0	0	0	0	0	67
0.194025	103	48	36	0	0	0	0	0	67
0.194481	103	48	36	0	0	0	0	0	67
0.194938	103	48	36	0	0	0	0	0	67
0.195394	103	48	36	0	0	0	0	0	67
0.195851	103	48	36	0	0	0	0	0	67
0.196307	103	48	36	0	0	0	0	0	67
0.196764	103	48	36	0	0	0	0	0	67
0.19722	103	48	36	0	0	0	0	0	67
0.197677	103	48	36	0	0	0	0	0	67
0.198133	103	48	36	0	0	0	0	0	67
0.19859	103	48	36	0	0	0	0	0	67
0.199046	103	48	36	0	0	0	0	0	67
0.199503	103	48	37	0	0	0	0	0	67
0.199959	103	48	37	0	0	0	0	0	67
0.200416	103	48	37	0	0	0	0	0	67
0.200873	103	48	37	0	0	0	0	0	67
0.201329	103	48	37	0	0	0	0	0	67
0.201786	103	48	37	0	0	0	0	0	67
0.202242	103	48	37	0	0	0	0	0	67
0.202699	103	48	37	0	0	0	0	0	67
0.203155	103	48	37	0	0	0	0	0	67
0.203612	103	48	37	0	0	0	0	0	67
0.204068	103	48	38	0	0	0	0	0	67
0.204525	103	48	38	0	0	0	0	0	67
0.204981	103	48	38	0	0	0	0	0	67
0.205438	103	48	38	0	0	0	0	0	67
0.205894	103	48	39	0	0	0	0	0	67
0.206351	103	48	39	0	0	0	0	0	67
0.206807	103	48	39	0	0	0	0	0	67
0.207264	103	48	39	0	0	0	0	0	67
0.20772	103	48	39	0	0	0	0	0	67
0.208177	103	48	39	0	0	0	0	0	67
0.208634	103	48	39	0	0	0	0	0	67
0.20909	103	48	39	0	0	0	0	0	67
0.209547	103	48	39	0	0	0	0	0	67
0.210003	103	48	39	0	0	0	0	0	67
0.21046	103	48	39	0	0	0	0	0	67
0.210916	103	48	39	0	0	0	0	0	67
0.211373	103	48	39	0	0	0	0	0	67
0.211829	103	48	39	0	0	0	0	0	67
0.212286	103	48	39	0	0	0	0	0	67
0.212742	103	48	39	0	0	0	0	0	67
0.213199	103	48	39	0	0	0	0	0	67
0.213655	103	48	39	0	0	0	0	0	67
0.214112	103	48	39	0	0	0	0	0	67
0.214568	103	48	39	0	0	0	0	0	67
0.215025	103	48	39	0	0	0	0	0	67
0.215481	103	48	39	0	0	0	0	0	67
0.215938	103	48	39	0	0	0	0	0	67
0.216394	103	48	39	0	0	0	0	0	67
0.216851	103	48	39	0	0	0	0	0	67
0.217308	103	48	39	0	0	0	0	0	67
0.217764	103	48	39	0	0	0	0	0	67
0.218221	103	48	39	0	0	0	0	0	67
0.218677	103	48	39	0	0	0	0	0	67
0.219134	103	48	39	0	0	0	0	0	67
0.21959	103	48	39	0	0	0	0	0	67
0.220047	103	48	39	0	0	0	0	0	67
0.220503	103	48	39	0	0	0	0	0	67
0.22096	103	48	39	0	0	0	0	0	67
0.221416	103	48	40	0	0	0	0	0	67
0.221873	103	48	40	0	0	0	0	0	67
0.222329	103	48	40	0	0	0	0	0	67
0.222786	103	48	40	0	0	0	0	0	67
0.223242	103	48	40	0	0	0	0	0	67
0.223699	103	48	40	0	0	0	0	0	67
0.224155	103	48	41	0	0	0	0	0	67
0.224612	103	48	41	0	0	0	0	0	67
0.225069	103	48	41	0	0	0	0	0	67
0.225525	103	48	41	0	0	0	0	0	67
0.225982	103	48	41	0	0	0	0	0	67
0.226438	103	48	41	0	0	0	0	0	67
0.226895	103	48	41	0	0	0	0	0	67
0.227351	103	48	41	0	0	0	0	0	67
0.227808	103	48	41	0	0	0	0	0	67
0.228264	103	48	41	0	0	0	0	0	67
