Time (s),A(aa1),A(aa2),A(aa3),A(aa1!1).A(aa1!1),A(aa2!1).A(aa2!1),A(aa3!1).A(aa3!1)
0,75,75,75,0,0,0
0.000456528,73,69,73,1,3,1
0.000913057,69,65,69,3,5,3
0.00136959,65,59,65,5,8,5
0.00182611,61,57,59,7,9,8
0.00228264,57,51,55,9,12,10
0.00273917,57,51,55,9,12,10
0.0031957,53,47,51,11,14,12
0.00365223,51,45,51,12,15,12
0.00410876,49,43,47,13,16,14
0.00456528,47,39,45,14,18,15
0.00502181,45,39,41,15,18,17
0.00547834,41,35,39,17,20,18
0.00593487,35,35,39,20,20,18
0.0063914,35,35,39,20,20,18
0.00684793,35,35,39,20,20,18
0.00730446,33,37,35,21,19,20
0.00776098,33,37,35,21,19,20
0.00821751,33,37,35,21,19,20
0.00867404,33,37,35,21,19,20
0.00913057,33,37,35,21,19,20
0.0095871,31,33,35,22,21,20
0.0100436,31,33,35,22,21,20
0.0105002,29,31,33,23,22,21
0.0109567,29,31,33,23,22,21
0.0114132,29,29,31,23,23,22
0.0118697,29,29,31,23,23,22
0.0123263,29,29,31,23,23,22
0.0127828,29,27,29,23,24,23
0.0132393,29,27,29,23,24,23
0.0136959,31,25,29,22,25,23
0.0141524,31,25,29,22,25,23
0.0146089,31,25,29,22,25,23
0.0150654,31,25,27,22,25,24
0.015522,29,23,25,23,26,25
0.0159785,25,21,23,25,27,26
0.016435,25,21,23,25,27,26
0.0168916,23,19,21,26,28,27
0.0173481,23,19,21,26,28,27
0.0178046,25,19,21,25,28,27
0.0182611,25,19,21,25,28,27
0.0187177,25,19,21,25,28,27
0.0191742,23,19,21,26,28,27
0.0196307,23,19,21,26,28,27
0.0200873,23,19,21,26,28,27
0.0205438,23,19,21,26,28,27
0.0210003,23,19,21,26,28,27
0.0214568,23,19,21,26,28,27
0.0219134,23,19,21,26,28,27
0.0223699,25,19,21,25,28,27
0.0228264,25,19,21,25,28,27
0.023283,25,19,21,25,28,27
0.0237395,25,19,21,25,28,27
0.024196,25,19,21,25,28,27
0.0246525,25,19,21,25,28,27
0.0251091,25,19,21,25,28,27
0.0255656,25,19,21,25,28,27
0.0260221,25,19,21,25,28,27
0.0264786,25,19,21,25,28,27
0.0269352,23,19,21,26,28,27
0.0273917,25,19,21,25,28,27
0.0278482,25,19,21,25,28,27
0.0283048,23,19,23,26,28,26
0.0287613,23,19,23,26,28,26
0.0292178,23,19,23,26,28,26
0.0296743,23,19,23,26,28,26
0.0301309,23,17,21,26,29,27
0.0305874,23,17,21,26,29,27
0.0310439,23,17,21,26,29,27
0.0315005,23,17,21,26,29,27
0.031957,21,15,19,27,30,28
0.0324135,19,15,17,28,30,29
0.03287,19,15,17,28,30,29
0.0333266,19,15,17,28,30,29
0.0337831,19,15,17,28,30,29
0.0342396,19,15,17,28,30,29
0.0346962,19,15,17,28,30,29
0.0351527,19,15,17,28,30,29
0.0356092,19,15,17,28,30,29
0.0360657,19,15,17,28,30,29
0.0365223,15,15,13,30,30,31
0.0369788,15,15,13,30,30,31
0.0374353,15,15,13,30,30,31
0.0378919,15,15,13,30,30,31
0.0383484,15,15,13,30,30,31
0.0388049,15,15,13,30,30,31
0.0392614,15,15,13,30,30,31
0.039718,15,15,13,30,30,31
0.0401745,15,15,13,30,30,31
0.040631,15,13,11,30,31,32
0.0410876,15,13,11,30,31,32
0.0415441,15,13,11,30,31,32
0.0420006,15,13,13,30,31,31
0.0424571,15,13,13,30,31,31
0.0429137,15,13,13,30,31,31
0.0433702,15,13,13,30,31,31
0.0438267,15,13,13,30,31,31
0.0442833,15,13,13,30,31,31
0.0447398,15,13,13,30,31,31
0.0451963,15,13,13,30,31,31
0.0456528,15,13,13,30,31,31
0.0461094,15,13,13,30,31,31
0.0465659,15,13,13,30,31,31
0.0470224,15,13,13,30,31,31
0.047479,15,13,13,30,31,31
0.0479355,15,13,13,30,31,31
0.048392,15,13,13,30,31,31
0.0488485,15,13,13,30,31,31
0.0493051,15,13,13,30,31,31
0.0497616,15,13,13,30,31,31
0.0502181,15,13,13,30,31,31
0.0506747,15,13,13,30,31,31
0.0511312,13,11,11,31,32,32
0.0515877,13,11,11,31,32,32
0.0520442,13,11,11,31,32,32
0.0525008,13,11,11,31,32,32
0.0529573,15,11,11,30,32,32
0.0534138,15,11,11,30,32,32
0.0538704,15,11,11,30,32,32
0.0543269,15,11,11,30,32,32
0.0547834,15,11,11,30,32,32
0.0552399,15,11,11,30,32,32
0.0556965,15,11,11,30,32,32
0.056153,15,11,11,30,32,32
0.0566095,15,11,11,30,32,32
0.0570661,15,11,11,30,32,32
0.0575226,13,9,9,31,33,33
0.0579791,13,9,9,31,33,33
0.0584356,13,9,9,31,33,33
0.0588922,13,9,9,31,33,33
0.0593487,13,9,9,31,33,33
0.0598052,13,9,9,31,33,33
0.0602618,11,7,7,32,34,34
0.0607183,9,5,5,33,35,35
0.0611748,9,5,5,33,35,35
0.0616313,9,5,5,33,35,35
0.0620879,9,5,5,33,35,35
0.0625444,9,5,5,33,35,35
0.0630009,9,5,5,33,35,35
0.0634575,9,5,5,33,35,35
0.063914,9,5,5,33,35,35
0.0643705,9,5,5,33,35,35
0.064827,9,5,5,33,35,35
0.0652836,9,5,5,33,35,35
0.0657401,9,5,5,33,35,35
0.0661966,9,5,5,33,35,35
0.0666532,9,5,5,33,35,35
0.0671097,9,5,5,33,35,35
0.0675662,9,5,5,33,35,35
0.0680227,9,5,5,33,35,35
0.0684793,9,5,5,33,35,35
0.0689358,9,5,5,33,35,35
0.0693923,9,5,5,33,35,35
0.0698489,9,5,5,33,35,35
0.0703054,9,5,5,33,35,35
0.0707619,9,5,5,33,35,35
0.0712184,9,5,5,33,35,35
0.071675,9,5,5,33,35,35
0.0721315,9,5,5,33,35,35
0.072588,9,5,5,33,35,35
0.0730446,9,5,5,33,35,35
0.0735011,9,5,5,33,35,35
0.0739576,9,5,5,33,35,35
0.0744141,9,5,5,33,35,35
0.0748707,9,5,5,33,35,35
0.0753272,9,5,5,33,35,35
0.0757837,9,5,5,33,35,35
0.0762403,9,5,5,33,35,35
0.0766968,9,5,5,33,35,35
0.0771533,9,5,5,33,35,35
0.0776098,9,5,5,33,35,35
0.0780664,9,5,5,33,35,35
0.0785229,9,5,5,33,35,35
0.0789794,9,5,5,33,35,35
0.0794359,9,5,5,33,35,35
0.0798925,9,5,5,33,35,35
0.080349,9,5,5,33,35,35
0.0808055,9,5,5,33,35,35
0.0812621,9,5,5,33,35,35
0.0817186,9,5,5,33,35,35
0.0821751,9,5,5,33,35,35
0.0826316,9,5,5,33,35,35
0.0830882,9,5,5,33,35,35
0.0835447,9,5,5,33,35,35
0.0840012,9,5,5,33,35,35
0.0844578,9,5,5,33,35,35
0.0849143,9,5,5,33,35,35
0.0853708,9,5,5,33,35,35
0.0858273,9,5,5,33,35,35
0.0862839,9,5,5,33,35,35
0.0867404,9,5,5,33,35,35
0.0871969,9,5,5,33,35,35
0.0876535,9,5,5,33,35,35
0.08811,9,5,5,33,35,35
0.0885665,9,5,5,33,35,35
0.089023,9,5,5,33,35,35
0.0894796,9,5,5,33,35,35
0.0899361,9,5,5,33,35,35
0.0903926,9,5,5,33,35,35
0.0908492,9,5,5,33,35,35
0.0913057,9,5,5,33,35,35
0.0917622,9,5,5,33,35,35
0.0922187,9,5,5,33,35,35
0.0926753,9,5,5,33,35,35
0.0931318,9,5,5,33,35,35
0.0935883,9,5,5,33,35,35
0.0940449,9,5,5,33,35,35
0.0945014,9,5,5,33,35,35
0.0949579,9,5,5,33,35,35
0.0954144,9,5,5,33,35,35
0.095871,9,5,5,33,35,35
0.0963275,9,5,5,33,35,35
0.096784,9,5,5,33,35,35
0.0972406,9,5,5,33,35,35
0.0976971,9,5,5,33,35,35
0.0981536,9,5,5,33,35,35
0.0986101,9,5,5,33,35,35
0.0990667,9,5,5,33,35,35
0.0995232,9,5,5,33,35,35
0.0999797,9,5,5,33,35,35
0.100436,9,5,5,33,35,35
0.100893,9,5,5,33,35,35
0.101349,9,5,5,33,35,35
0.101806,9,5,5,33,35,35
0.102262,9,5,5,33,35,35
0.102719,9,5,5,33,35,35
0.103175,9,5,5,33,35,35
0.103632,9,5,5,33,35,35
0.104088,9,5,5,33,35,35
0.104545,9,5,5,33,35,35
0.105002,9,5,5,33,35,35
0.105458,9,5,5,33,35,35
0.105915,9,5,5,33,35,35
0.106371,9,5,5,33,35,35
0.106828,9,5,5,33,35,35
0.107284,9,5,5,33,35,35
0.107741,9,5,5,33,35,35
0.108197,9,5,5,33,35,35
0.108654,9,5,5,33,35,35
0.10911,9,5,5,33,35,35
0.109567,9,5,5,33,35,35
0.110023,9,5,5,33,35,35
0.11048,9,5,5,33,35,35
0.110936,9,5,5,33,35,35
0.111393,9,5,5,33,35,35
0.111849,9,5,5,33,35,35
0.112306,9,5,5,33,35,35
0.112763,9,5,5,33,35,35
0.113219,9,5,5,33,35,35
0.113676,9,5,5,33,35,35
0.114132,9,5,5,33,35,35
0.114589,9,5,5,33,35,35
0.115045,9,5,5,33,35,35
0.115502,9,5,5,33,35,35
0.115958,9,5,5,33,35,35
0.116415,9,5,5,33,35,35
0.116871,9,5,5,33,35,35
0.117328,9,5,5,33,35,35
0.117784,9,5,5,33,35,35
0.118241,9,5,5,33,35,35
0.118697,9,5,5,33,35,35
0.119154,9,5,5,33,35,35
0.11961,9,5,5,33,35,35
0.120067,9,5,5,33,35,35
0.120524,9,5,5,33,35,35
0.12098,9,5,5,33,35,35
0.121437,9,5,5,33,35,35
0.121893,9,5,5,33,35,35
0.12235,9,5,5,33,35,35
0.122806,9,5,5,33,35,35
0.123263,9,5,5,33,35,35
0.123719,9,5,5,33,35,35
0.124176,9,5,5,33,35,35
0.124632,9,5,5,33,35,35
0.125089,9,5,5,33,35,35
0.125545,9,5,5,33,35,35
0.126002,9,5,5,33,35,35
0.126458,9,5,5,33,35,35
0.126915,9,5,5,33,35,35
0.127371,9,5,5,33,35,35
0.127828,9,5,5,33,35,35
0.128284,9,5,5,33,35,35
0.128741,9,5,5,33,35,35
0.129198,9,5,5,33,35,35
0.129654,9,5,5,33,35,35
0.130111,9,5,5,33,35,35
0.130567,9,5,5,33,35,35
0.131024,9,5,5,33,35,35
0.13148,9,5,5,33,35,35
0.131937,9,5,5,33,35,35
0.132393,9,5,5,33,35,35
0.13285,9,5,5,33,35,35
0.133306,9,5,5,33,35,35
0.133763,9,5,5,33,35,35
0.134219,9,5,5,33,35,35
0.134676,9,5,5,33,35,35
0.135132,9,5,5,33,35,35
0.135589,9,5,5,33,35,35
0.136045,9,5,5,33,35,35
0.136502,9,5,5,33,35,35
0.136959,9,5,5,33,35,35
0.137415,9,5,5,33,35,35
0.137872,9,5,5,33,35,35
0.138328,9,5,5,33,35,35
0.138785,9,5,5,33,35,35
0.139241,9,5,5,33,35,35
0.139698,9,5,5,33,35,35
0.140154,9,5,5,33,35,35
0.140611,9,5,5,33,35,35
0.141067,9,5,5,33,35,35
0.141524,9,5,5,33,35,35
0.14198,9,5,5,33,35,35
0.142437,9,5,5,33,35,35
0.142893,9,5,5,33,35,35
0.14335,9,5,5,33,35,35
0.143806,9,5,5,33,35,35
0.144263,9,5,5,33,35,35
0.14472,9,5,5,33,35,35
0.145176,9,5,5,33,35,35
0.145633,9,5,5,33,35,35
0.146089,9,5,5,33,35,35
0.146546,9,5,5,33,35,35
0.147002,9,5,5,33,35,35
0.147459,9,5,5,33,35,35
0.147915,9,5,5,33,35,35
0.148372,9,5,5,33,35,35
0.148828,9,5,5,33,35,35
0.149285,9,5,5,33,35,35
0.149741,9,5,5,33,35,35
0.150198,9,5,5,33,35,35
0.150654,9,5,5,33,35,35
0.151111,9,5,5,33,35,35
0.151567,9,5,5,33,35,35
0.152024,9,5,5,33,35,35
0.152481,9,5,5,33,35,35
0.152937,9,5,5,33,35,35
0.153394,9,5,5,33,35,35
0.15385,9,5,5,33,35,35
0.154307,9,5,5,33,35,35
0.154763,9,5,5,33,35,35
0.15522,9,5,5,33,35,35
0.155676,9,5,5,33,35,35
0.156133,9,5,5,33,35,35
0.156589,9,5,5,33,35,35
0.157046,9,5,5,33,35,35
0.157502,9,5,5,33,35,35
0.157959,9,5,5,33,35,35
0.158415,9,5,5,33,35,35
0.158872,9,5,5,33,35,35
0.159328,9,5,5,33,35,35
0.159785,9,5,5,33,35,35
0.160241,9,5,5,33,35,35
0.160698,9,5,5,33,35,35
0.161155,9,5,5,33,35,35
0.161611,9,5,5,33,35,35
0.162068,9,5,5,33,35,35
0.162524,9,5,5,33,35,35
0.162981,9,5,5,33,35,35
0.163437,9,5,5,33,35,35
0.163894,9,5,5,33,35,35
0.16435,9,5,5,33,35,35
0.164807,9,5,5,33,35,35
0.165263,9,5,5,33,35,35
0.16572,9,5,5,33,35,35
0.166176,9,5,5,33,35,35
0.166633,9,5,5,33,35,35
0.167089,9,5,5,33,35,35
0.167546,9,5,5,33,35,35
0.168002,9,5,5,33,35,35
0.168459,9,5,5,33,35,35
0.168916,9,5,5,33,35,35
0.169372,9,5,5,33,35,35
0.169829,9,5,5,33,35,35
0.170285,9,5,5,33,35,35
0.170742,9,5,5,33,35,35
0.171198,9,5,5,33,35,35
0.171655,9,5,5,33,35,35
0.172111,9,5,5,33,35,35
0.172568,9,5,5,33,35,35
0.173024,9,5,5,33,35,35
0.173481,9,5,5,33,35,35
0.173937,9,5,5,33,35,35
0.174394,9,5,5,33,35,35
0.17485,9,5,5,33,35,35
0.175307,9,5,5,33,35,35
0.175763,9,5,5,33,35,35
0.17622,9,5,5,33,35,35
0.176677,9,5,5,33,35,35
0.177133,9,5,5,33,35,35
0.17759,9,5,5,33,35,35
0.178046,9,5,5,33,35,35
0.178503,9,5,5,33,35,35
0.178959,9,5,5,33,35,35
0.179416,9,5,5,33,35,35
0.179872,9,5,5,33,35,35
0.180329,9,5,5,33,35,35
0.180785,9,5,5,33,35,35
0.181242,9,5,5,33,35,35
0.181698,9,5,5,33,35,35
0.182155,9,5,5,33,35,35
0.182611,9,5,5,33,35,35
0.183068,9,5,5,33,35,35
0.183524,9,5,5,33,35,35
0.183981,9,5,5,33,35,35
0.184437,9,5,5,33,35,35
0.184894,9,5,5,33,35,35
0.185351,9,5,5,33,35,35
0.185807,9,5,5,33,35,35
0.186264,9,5,5,33,35,35
0.18672,9,5,5,33,35,35
0.187177,9,5,5,33,35,35
0.187633,9,5,5,33,35,35
0.18809,9,5,5,33,35,35
0.188546,9,5,5,33,35,35
0.189003,9,5,5,33,35,35
0.189459,9,5,5,33,35,35
0.189916,9,5,5,33,35,35
0.190372,9,5,5,33,35,35
0.190829,9,5,5,33,35,35
0.191285,9,5,5,33,35,35
0.191742,9,5,5,33,35,35
0.192198,9,5,5,33,35,35
0.192655,9,5,5,33,35,35
0.193112,9,5,5,33,35,35
0.193568,9,5,5,33,35,35
0.194025,9,5,5,33,35,35
0.194481,9,5,5,33,35,35
0.194938,9,5,5,33,35,35
0.195394,9,5,5,33,35,35
0.195851,9,5,5,33,35,35
0.196307,9,5,5,33,35,35
0.196764,9,5,5,33,35,35
0.19722,9,5,5,33,35,35
0.197677,9,5,5,33,35,35
0.198133,9,5,5,33,35,35
0.19859,9,5,5,33,35,35
0.199046,9,5,5,33,35,35
0.199503,9,5,5,33,35,35
0.199959,9,5,5,33,35,35
0.200416,9,5,5,33,35,35
0.200873,9,5,5,33,35,35
0.201329,9,5,5,33,35,35
0.201786,9,5,5,33,35,35
0.202242,9,5,5,33,35,35
0.202699,9,5,5,33,35,35
0.203155,9,5,5,33,35,35
0.203612,9,5,5,33,35,35
0.204068,9,5,5,33,35,35
0.204525,9,5,5,33,35,35
0.204981,9,5,5,33,35,35
0.205438,9,5,5,33,35,35
0.205894,9,5,5,33,35,35
0.206351,9,5,5,33,35,35
0.206807,9,5,5,33,35,35
0.207264,9,5,5,33,35,35
0.20772,9,5,5,33,35,35
0.208177,9,5,5,33,35,35
0.208634,9,5,5,33,35,35
0.20909,9,5,5,33,35,35
0.209547,9,5,5,33,35,35
0.210003,9,5,5,33,35,35
0.21046,9,5,5,33,35,35
0.210916,9,5,5,33,35,35
0.211373,9,5,5,33,35,35
0.211829,9,5,5,33,35,35
0.212286,9,5,5,33,35,35
0.212742,9,5,5,33,35,35
0.213199,9,5,5,33,35,35
0.213655,9,5,5,33,35,35
0.214112,9,5,5,33,35,35
0.214568,9,5,5,33,35,35
0.215025,9,5,5,33,35,35
0.215481,9,5,5,33,35,35
0.215938,9,5,5,33,35,35
0.216394,9,5,5,33,35,35
0.216851,9,5,5,33,35,35
0.217308,9,5,5,33,35,35
0.217764,9,5,5,33,35,35
0.218221,9,5,5,33,35,35
0.218677,9,5,5,33,35,35
0.219134,9,5,5,33,35,35
0.21959,9,5,5,33,35,35
0.220047,9,5,5,33,35,35
0.220503,9,5,5,33,35,35
0.22096,9,5,5,33,35,35
0.221416,9,5,5,33,35,35
0.221873,9,5,5,33,35,35
0.222329,9,5,5,33,35,35
0.222786,9,5,5,33,35,35
0.223242,9,5,5,33,35,35
0.223699,9,5,5,33,35,35
0.224155,9,5,5,33,35,35
0.224612,9,5,5,33,35,35
0.225069,9,5,5,33,35,35
0.225525,9,5,5,33,35,35
0.225982,9,5,5,33,35,35
0.226438,9,5,5,33,35,35
0.226895,9,5,5,33,35,35
0.227351,9,5,5,33,35,35
0.227808,9,5,5,33,35,35
0.228264,9,5,5,33,35,35
