TIME (s) 	MONO:A	DIMERS W:A	
0	75	0	
0.000456528	68	2	
0.000913057	59	5	
0.00136959	51	6	
0.00182611	45	6	
0.00228264	39	7	
0.00273917	39	7	
0.0031957	35	7	
0.00365223	31	9	
0.00410876	26	10	
0.00456528	24	8	
0.00502181	21	8	
0.00547834	19	7	
0.00593487	13	10	
0.0063914	13	10	
0.00684793	13	10	
0.00730446	12	9	
0.00776098	12	9	
0.00821751	12	9	
0.00867404	12	9	
0.00913057	12	9	
0.0095871	12	7	
0.0100436	12	7	
0.0105002	11	7	
0.0109567	11	7	
0.0114132	12	6	
0.0118697	12	6	
0.0123263	12	6	
0.0127828	11	6	
0.0132393	11	6	
0.0136959	11	6	
0.0141524	11	6	
0.0146089	11	6	
0.0150654	9	7	
0.015522	8	7	
0.0159785	5	8	
0.016435	5	8	
0.0168916	2	8	
0.0173481	2	8	
0.0178046	4	7	
0.0182611	4	7	
0.0187177	4	7	
0.0191742	2	8	
0.0196307	2	8	
0.0200873	2	8	
0.0205438	2	8	
0.0210003	2	8	
0.0214568	2	8	
0.0219134	2	8	
0.0223699	4	7	
0.0228264	4	7	
0.023283	4	7	
0.0237395	4	7	
0.024196	4	7	
0.0246525	4	7	
0.0251091	4	7	
0.0255656	4	7	
0.0260221	4	7	
0.0264786	4	7	
0.0269352	2	8	
0.0273917	4	7	
0.0278482	4	7	
0.0283048	4	7	
0.0287613	4	7	
0.0292178	4	7	
0.0296743	4	7	
0.0301309	3	6	
0.0305874	3	6	
0.0310439	3	6	
0.0315005	3	6	
0.031957	2	6	
0.0324135	1	5	
0.03287	1	5	
0.0333266	1	5	
0.0337831	1	5	
0.0342396	1	5	
0.0346962	1	5	
0.0351527	1	5	
0.0356092	1	5	
0.0360657	1	5	
0.0365223	1	3	
0.0369788	1	3	
0.0374353	1	3	
0.0378919	1	3	
0.0383484	1	3	
0.0388049	1	3	
0.0392614	1	3	
0.039718	1	3	
0.0401745	1	3	
0.040631	0	2	
0.0410876	0	2	
0.0415441	0	2	
0.0420006	2	1	
0.0424571	2	1	
0.0429137	2	1	
0.0433702	2	1	
0.0438267	2	1	
0.0442833	2	1	
0.0447398	2	1	
0.0451963	2	1	
0.0456528	2	1	
0.0461094	2	1	
0.0465659	2	1	
0.0470224	2	1	
0.047479	2	1	
0.0479355	2	1	
0.048392	2	1	
0.0488485	2	1	
0.0493051	2	1	
0.0497616	2	1	
0.0502181	2	1	
0.0506747	2	1	
0.0511312	1	1	
0.0515877	1	1	
0.0520442	1	1	
0.0525008	1	1	
0.0529573	3	0	
0.0534138	3	0	
0.0538704	3	0	
0.0543269	3	0	
0.0547834	3	0	
0.0552399	3	0	
0.0556965	3	0	
0.056153	3	0	
0.0566095	3	0	
0.0570661	3	0	
0.0575226	2	0	
0.0579791	2	0	
0.0584356	2	0	
0.0588922	2	0	
0.0593487	2	0	
0.0598052	2	0	
0.0602618	1	0	
0.0607183	0	0	
0.0611748	0	0	
0.0616313	0	0	
0.0620879	0	0	
0.0625444	0	0	
0.0630009	0	0	
0.0634575	0	0	
0.063914	0	0	
0.0643705	0	0	
0.064827	0	0	
0.0652836	0	0	
0.0657401	0	0	
0.0661966	0	0	
0.0666532	0	0	
0.0671097	0	0	
0.0675662	0	0	
0.0680227	0	0	
0.0684793	0	0	
0.0689358	0	0	
0.0693923	0	0	
0.0698489	0	0	
0.0703054	0	0	
0.0707619	0	0	
0.0712184	0	0	
0.071675	0	0	
0.0721315	0	0	
0.072588	0	0	
0.0730446	0	0	
0.0735011	0	0	
0.0739576	0	0	
0.0744141	0	0	
0.0748707	0	0	
0.0753272	0	0	
0.0757837	0	0	
0.0762403	0	0	
0.0766968	0	0	
0.0771533	0	0	
0.0776098	0	0	
0.0780664	0	0	
0.0785229	0	0	
0.0789794	0	0	
0.0794359	0	0	
0.0798925	0	0	
0.080349	0	0	
0.0808055	0	0	
0.0812621	0	0	
0.0817186	0	0	
0.0821751	0	0	
0.0826316	0	0	
0.0830882	0	0	
0.0835447	0	0	
0.0840012	0	0	
0.0844578	0	0	
0.0849143	0	0	
0.0853708	0	0	
0.0858273	0	0	
0.0862839	0	0	
0.0867404	0	0	
0.0871969	0	0	
0.0876535	0	0	
0.08811	0	0	
0.0885665	0	0	
0.089023	0	0	
0.0894796	0	0	
0.0899361	0	0	
0.0903926	0	0	
0.0908492	0	0	
0.0913057	0	0	
0.0917622	0	0	
0.0922187	0	0	
0.0926753	0	0	
0.0931318	0	0	
0.0935883	0	0	
0.0940449	0	0	
0.0945014	0	0	
0.0949579	0	0	
0.0954144	0	0	
0.095871	0	0	
0.0963275	0	0	
0.096784	0	0	
0.0972406	0	0	
0.0976971	0	0	
0.0981536	0	0	
0.0986101	0	0	
0.0990667	0	0	
0.0995232	0	0	
0.0999797	0	0	
0.100436	0	0	
0.100893	0	0	
0.101349	0	0	
0.101806	0	0	
0.102262	0	0	
0.102719	0	0	
0.103175	0	0	
0.103632	0	0	
0.104088	0	0	
0.104545	0	0	
0.105002	0	0	
0.105458	0	0	
0.105915	0	0	
0.106371	0	0	
0.106828	0	0	
0.107284	0	0	
0.107741	0	0	
0.108197	0	0	
0.108654	0	0	
0.10911	0	0	
0.109567	0	0	
0.110023	0	0	
0.11048	0	0	
0.110936	0	0	
0.111393	0	0	
0.111849	0	0	
0.112306	0	0	
0.112763	0	0	
0.113219	0	0	
0.113676	0	0	
0.114132	0	0	
0.114589	0	0	
0.115045	0	0	
0.115502	0	0	
0.115958	0	0	
0.116415	0	0	
0.116871	0	0	
0.117328	0	0	
0.117784	0	0	
0.118241	0	0	
0.118697	0	0	
0.119154	0	0	
0.11961	0	0	
0.120067	0	0	
0.120524	0	0	
0.12098	0	0	
0.121437	0	0	
0.121893	0	0	
0.12235	0	0	
0.122806	0	0	
0.123263	0	0	
0.123719	0	0	
0.124176	0	0	
0.124632	0	0	
0.125089	0	0	
0.125545	0	0	
0.126002	0	0	
0.126458	0	0	
0.126915	0	0	
0.127371	0	0	
0.127828	0	0	
0.128284	0	0	
0.128741	0	0	
0.129198	0	0	
0.129654	0	0	
0.130111	0	0	
0.130567	0	0	
0.131024	0	0	
0.13148	0	0	
0.131937	0	0	
0.132393	0	0	
0.13285	0	0	
0.133306	0	0	
0.133763	0	0	
0.134219	0	0	
0.134676	0	0	
0.135132	0	0	
0.135589	0	0	
0.136045	0	0	
0.136502	0	0	
0.136959	0	0	
0.137415	0	0	
0.137872	0	0	
0.138328	0	0	
0.138785	0	0	
0.139241	0	0	
0.139698	0	0	
0.140154	0	0	
0.140611	0	0	
0.141067	0	0	
0.141524	0	0	
0.14198	0	0	
0.142437	0	0	
0.142893	0	0	
0.14335	0	0	
0.143806	0	0	
0.144263	0	0	
0.14472	0	0	
0.145176	0	0	
0.145633	0	0	
0.146089	0	0	
0.146546	0	0	
0.147002	0	0	
0.147459	0	0	
0.147915	0	0	
0.148372	0	0	
0.148828	0	0	
0.149285	0	0	
0.149741	0	0	
0.150198	0	0	
0.150654	0	0	
0.151111	0	0	
0.151567	0	0	
0.152024	0	0	
0.152481	0	0	
0.152937	0	0	
0.153394	0	0	
0.15385	0	0	
0.154307	0	0	
0.154763	0	0	
0.15522	0	0	
0.155676	0	0	
0.156133	0	0	
0.156589	0	0	
0.157046	0	0	
0.157502	0	0	
0.157959	0	0	
0.158415	0	0	
0.158872	0	0	
0.159328	0	0	
0.159785	0	0	
0.160241	0	0	
0.160698	0	0	
0.161155	0	0	
0.161611	0	0	
0.162068	0	0	
0.162524	0	0	
0.162981	0	0	
0.163437	0	0	
0.163894	0	0	
0.16435	0	0	
0.164807	0	0	
0.165263	0	0	
0.16572	0	0	
0.166176	0	0	
0.166633	0	0	
0.167089	0	0	
0.167546	0	0	
0.168002	0	0	
0.168459	0	0	
0.168916	0	0	
0.169372	0	0	
0.169829	0	0	
0.170285	0	0	
0.170742	0	0	
0.171198	0	0	
0.171655	0	0	
0.172111	0	0	
0.172568	0	0	
0.173024	0	0	
0.173481	0	0	
0.173937	0	0	
0.174394	0	0	
0.17485	0	0	
0.175307	0	0	
0.175763	0	0	
0.17622	0	0	
0.176677	0	0	
0.177133	0	0	
0.17759	0	0	
0.178046	0	0	
0.178503	0	0	
0.178959	0	0	
0.179416	0	0	
0.179872	0	0	
0.180329	0	0	
0.180785	0	0	
0.181242	0	0	
0.181698	0	0	
0.182155	0	0	
0.182611	0	0	
0.183068	0	0	
0.183524	0	0	
0.183981	0	0	
0.184437	0	0	
0.184894	0	0	
0.185351	0	0	
0.185807	0	0	
0.186264	0	0	
0.18672	0	0	
0.187177	0	0	
0.187633	0	0	
0.18809	0	0	
0.188546	0	0	
0.189003	0	0	
0.189459	0	0	
0.189916	0	0	
0.190372	0	0	
0.190829	0	0	
0.191285	0	0	
0.191742	0	0	
0.192198	0	0	
0.192655	0	0	
0.193112	0	0	
0.193568	0	0	
0.194025	0	0	
0.194481	0	0	
0.194938	0	0	
0.195394	0	0	
0.195851	0	0	
0.196307	0	0	
0.196764	0	0	
0.19722	0	0	
0.197677	0	0	
0.198133	0	0	
0.19859	0	0	
0.199046	0	0	
0.199503	0	0	
0.199959	0	0	
0.200416	0	0	
0.200873	0	0	
0.201329	0	0	
0.201786	0	0	
0.202242	0	0	
0.202699	0	0	
0.203155	0	0	
0.203612	0	0	
0.204068	0	0	
0.204525	0	0	
0.204981	0	0	
0.205438	0	0	
0.205894	0	0	
0.206351	0	0	
0.206807	0	0	
0.207264	0	0	
0.20772	0	0	
0.208177	0	0	
0.208634	0	0	
0.20909	0	0	
0.209547	0	0	
0.210003	0	0	
0.21046	0	0	
0.210916	0	0	
0.211373	0	0	
0.211829	0	0	
0.212286	0	0	
0.212742	0	0	
0.213199	0	0	
0.213655	0	0	
0.214112	0	0	
0.214568	0	0	
0.215025	0	0	
0.215481	0	0	
0.215938	0	0	
0.216394	0	0	
0.216851	0	0	
0.217308	0	0	
0.217764	0	0	
0.218221	0	0	
0.218677	0	0	
0.219134	0	0	
0.21959	0	0	
0.220047	0	0	
0.220503	0	0	
0.22096	0	0	
0.221416	0	0	
0.221873	0	0	
0.222329	0	0	
0.222786	0	0	
0.223242	0	0	
0.223699	0	0	
0.224155	0	0	
0.224612	0	0	
0.225069	0	0	
0.225525	0	0	
0.225982	0	0	
0.226438	0	0	
0.226895	0	0	
0.227351	0	0	
0.227808	0	0	
0.228264	0	0	
