TIME(s)	'A,A'	Nloops	nOverlapPartner	nOverlapSystem	nOverlapSpanBox	nDisplace2D	nDisplace3D	nDisplace3Dto2D	nAssocSuccess
0	0	0	0	0	0	0	0	0	0
0.0004	0	0	0	0	0	0	0	0	0
0.0008	0	0	0	0	0	0	0	0	1
0.0012	0	0	0	0	0	0	0	0	2
0.0016	0	0	0	0	0	0	0	0	2
0.002	0	0	0	0	0	0	0	0	4
0.0024	0	0	0	0	0	0	0	0	4
0.0028	1	0	0	0	0	0	0	0	5
0.0032	4	0	0	0	0	0	0	0	8
0.0036	5	1	0	0	0	0	0	0	10
0.004	6	1	0	0	0	0	0	0	11
0.0044	7	1	0	0	0	0	0	0	12
0.0048	8	1	0	0	0	0	0	0	13
0.0052	8	1	0	0	0	0	0	0	14
0.0056	6	0	0	0	0	0	0	0	15
0.006	7	0	0	0	0	0	0	0	16
0.0064	8	0	0	0	0	0	0	0	17
0.0068	9	0	0	0	0	0	0	0	18
0.0072	8	0	0	0	0	0	0	0	18
0.0076	8	0	0	0	0	0	0	0	18
0.008	9	0	0	0	0	0	0	0	19
0.0084	9	0	0	0	0	0	0	0	19
0.0088	10	0	0	0	0	0	0	0	21
0.0092	12	1	0	0	0	0	0	0	22
0.0096	12	1	0	0	0	0	0	0	23
0.01	13	1	0	0	0	0	0	0	24
0.0104	13	1	0	0	0	0	0	0	24
0.0108	13	1	0	0	0	0	0	0	24
0.0112	13	1	0	0	0	0	0	0	24
0.0116	13	1	0	0	0	0	0	0	24
0.012	13	1	0	0	0	0	0	0	24
0.0124	13	1	0	0	0	0	0	0	24
0.0128	15	2	0	0	0	0	0	0	25
0.0132	15	2	0	0	0	0	0	0	25
0.0136	15	2	0	0	0	0	0	0	26
0.014	16	2	0	0	0	0	0	0	27
0.0144	16	2	0	0	0	0	0	0	27
0.0148	16	2	0	0	0	0	0	0	27
0.0152	15	1	0	0	0	0	0	0	28
0.0156	14	1	0	0	0	0	0	0	29
0.016	14	1	0	0	0	0	0	0	29
0.0164	15	1	0	0	0	0	0	0	30
0.0168	17	1	0	0	0	0	0	0	32
0.0172	17	1	0	0	0	0	0	0	32
0.0176	17	1	0	0	0	0	0	0	32
0.018	18	1	0	0	0	0	0	0	33
0.0184	18	1	0	0	0	0	0	0	34
0.0188	19	1	0	0	0	0	0	0	35
0.0192	18	1	0	0	0	0	0	0	35
0.0196	18	1	0	0	0	0	0	0	36
0.02	18	1	0	0	0	0	0	0	37
0.0204	19	1	0	0	0	0	0	0	38
0.0208	18	1	0	0	0	0	0	0	38
0.0212	19	1	0	0	0	0	0	0	39
0.0216	21	2	0	0	0	0	0	0	40
0.022	21	2	0	0	0	0	0	0	41
0.0224	21	2	0	0	0	0	0	0	41
0.0228	21	2	0	0	0	0	0	0	41
0.0232	21	2	0	0	0	0	0	0	41
0.0236	21	2	0	0	0	0	0	0	41
0.024	23	2	0	0	0	0	0	0	43
0.0244	23	2	0	0	0	0	0	0	44
0.0248	23	2	0	0	0	0	0	0	45
0.0252	24	2	0	0	0	0	0	0	46
0.0256	24	2	0	0	0	0	0	0	49
0.026	25	2	0	0	0	0	0	0	50
0.0264	25	2	0	0	0	0	0	0	50
0.0268	26	2	0	0	0	0	0	0	51
0.0272	26	2	0	0	0	0	0	0	51
0.0276	28	2	0	0	0	0	0	0	53
0.028	28	2	0	0	0	0	0	0	54
0.0284	30	3	0	0	0	0	0	0	55
0.0288	30	3	0	0	0	0	0	0	55
0.0292	30	3	0	0	0	0	0	0	55
0.0296	32	4	0	0	0	0	0	0	56
0.03	32	4	0	0	0	0	0	0	57
0.0304	32	4	0	0	0	0	0	0	57
0.0308	33	4	0	0	0	0	0	0	58
0.0312	33	4	0	0	0	0	0	0	58
0.0316	34	4	0	0	0	0	0	0	59
0.032	34	4	0	0	0	0	0	0	59
0.0324	35	4	0	0	0	0	0	0	60
0.0328	35	4	0	0	0	0	0	0	60
0.0332	35	4	0	0	0	0	0	0	60
0.0336	35	4	0	0	0	0	0	0	60
0.034	34	3	0	0	0	0	0	0	60
0.0344	36	4	0	0	0	0	0	0	61
0.0348	35	4	0	0	0	0	0	0	61
0.0352	35	4	0	0	0	0	0	0	61
0.0356	35	4	0	0	0	0	0	0	61
0.036	36	4	0	0	0	0	0	0	63
0.0364	36	4	0	0	0	0	0	0	63
0.0368	37	4	0	0	0	0	0	0	64
0.0372	37	4	0	0	0	0	0	0	64
0.0376	37	4	0	0	0	0	0	0	64
0.038	39	5	0	0	0	0	0	0	65
0.0384	39	5	0	0	0	0	0	0	65
0.0388	44	8	0	0	0	0	0	0	67
0.0392	50	12	0	0	0	0	0	0	69
0.0396	50	12	0	0	0	0	0	0	69
0.04	50	12	0	0	0	0	0	0	69
0.0404	50	12	0	0	0	0	0	0	69
0.0408	50	12	0	0	0	0	0	0	69
0.0412	52	12	0	0	0	0	0	0	71
0.0416	51	12	0	0	0	0	0	0	71
0.042	51	12	0	0	0	0	0	0	71
0.0424	51	12	0	0	0	0	0	0	71
0.0428	51	12	0	0	0	0	0	0	71
0.0432	51	12	0	0	0	0	0	0	71
0.0436	51	12	0	0	0	0	0	0	73
0.044	51	12	0	0	0	0	0	0	73
0.0444	51	12	0	0	0	0	0	0	73
0.0448	52	12	0	0	0	0	0	0	74
0.0452	52	12	0	0	0	0	0	0	74
0.0456	54	13	0	0	0	0	0	0	75
0.046	54	13	0	0	0	0	0	0	75
0.0464	54	13	0	0	0	0	0	0	75
0.0468	53	12	0	0	0	0	0	0	76
0.0472	52	12	0	0	0	0	0	0	76
0.0476	51	11	0	0	0	0	0	0	76
0.048	52	12	0	0	0	0	0	0	76
0.0484	52	12	0	0	0	0	0	0	76
0.0488	54	13	0	0	0	0	0	0	77
0.0492	54	13	0	0	0	0	0	0	77
0.0496	54	13	0	0	0	0	0	0	78
0.05	54	13	0	0	0	0	0	0	78
0.0504	54	13	0	0	0	0	0	0	78
0.0508	54	13	0	0	0	0	0	0	78
0.0512	54	13	0	0	0	0	0	0	78
0.0516	54	13	0	0	0	0	0	0	78
0.052	54	13	0	0	0	0	0	0	78
0.0524	54	13	0	0	0	0	0	0	78
0.0528	54	13	0	0	0	0	0	0	78
0.0532	54	13	0	0	0	0	0	0	78
0.0536	54	13	0	0	0	0	0	0	78
0.054	55	13	0	0	0	0	0	0	79
0.0544	58	14	0	0	0	0	0	0	81
0.0548	60	15	0	0	0	0	0	0	82
0.0552	60	15	0	0	0	0	0	0	82
0.0556	60	15	0	0	0	0	0	0	82
0.056	61	15	0	0	0	0	0	0	83
0.0564	58	14	0	0	0	0	0	0	83
0.0568	58	14	0	0	0	0	0	0	83
0.0572	58	14	0	0	0	0	0	0	83
0.0576	58	14	0	0	0	0	0	0	83
0.058	58	14	0	0	0	0	0	0	83
0.0584	58	14	0	0	0	0	0	0	84
0.0588	58	14	0	0	0	0	0	0	85
0.0592	58	14	0	0	0	0	0	0	85
0.0596	58	14	0	0	0	0	0	0	85
0.06	60	15	0	0	0	0	0	0	86
0.0604	60	15	0	0	0	0	0	0	87
0.0608	60	15	0	0	0	0	0	0	87
0.0612	60	15	0	0	0	0	0	0	87
0.0616	60	15	0	0	0	0	0	0	87
0.062	60	15	0	0	0	0	0	0	87
0.0624	60	15	0	0	0	0	0	0	87
0.0628	64	17	0	0	0	0	0	0	89
0.0632	64	17	0	0	0	0	0	0	89
0.0636	64	17	0	0	0	0	0	0	89
0.064	65	17	0	0	0	0	0	0	90
0.0644	63	16	0	0	0	0	0	0	90
0.0648	63	16	0	0	0	0	0	0	90
0.0652	63	16	0	0	0	0	0	0	90
0.0656	63	16	0	0	0	0	0	0	91
0.066	61	15	0	0	0	0	0	0	91
0.0664	61	15	0	0	0	0	0	0	91
0.0668	61	15	0	0	0	0	0	0	92
0.0672	60	14	0	0	0	0	0	0	92
0.0676	61	15	0	0	0	0	0	0	92
0.068	61	15	0	0	0	0	0	0	92
0.0684	61	15	0	0	0	0	0	0	92
0.0688	61	15	0	0	0	0	0	0	92
0.0692	61	15	0	0	0	0	0	0	92
0.0696	61	15	0	0	0	0	0	0	93
0.07	61	15	0	0	0	0	0	0	93
0.0704	59	14	0	0	0	0	0	0	93
0.0708	62	15	0	0	0	0	0	0	95
0.0712	65	17	0	0	0	0	0	0	96
0.0716	63	16	0	0	0	0	0	0	96
0.072	63	16	0	0	0	0	0	0	96
0.0724	63	16	0	0	0	0	0	0	96
0.0728	64	16	0	0	0	0	0	0	97
0.0732	64	16	0	0	0	0	0	0	97
0.0736	64	16	0	0	0	0	0	0	97
0.074	64	16	0	0	0	0	0	0	97
0.0744	64	16	0	0	0	0	0	0	97
0.0748	64	16	0	0	0	0	0	0	97
0.0752	64	16	0	0	0	0	0	0	97
0.0756	64	16	0	0	0	0	0	0	97
0.076	64	16	0	0	0	0	0	0	97
0.0764	64	16	0	0	0	0	0	0	98
0.0768	64	16	0	0	0	0	0	0	98
0.0772	64	16	0	0	0	0	0	0	98
0.0776	64	16	0	0	0	0	0	0	98
0.078	64	16	0	0	0	0	0	0	98
0.0784	64	16	0	0	0	0	0	0	98
0.0788	64	16	0	0	0	0	0	0	98
0.0792	64	16	0	0	0	0	0	0	98
0.0796	65	16	0	0	0	0	0	0	99
0.0799996	65	16	0	0	0	0	0	0	99
