Time (s),A(A1),A(A2),A(A3),A(A4),A(A1!1).A(A2!1),A(A3!1).A(A4!1)
0,130,130,130,130,0,0
0.0004,130,130,130,130,0,0
0.0008,130,130,130,130,0,0
0.0012,130,130,130,130,0,0
0.0016,130,130,130,130,0,0
0.002,130,130,130,130,0,0
0.0024,130,130,130,130,0,0
0.0028,129,129,130,130,1,0
0.0032,127,127,129,129,3,1
0.0036,127,127,128,128,3,2
0.004,126,126,128,128,4,2
0.0044,125,125,128,128,5,2
0.0048,124,124,128,128,6,2
0.0052,124,124,128,128,6,2
0.0056,124,124,130,130,6,0
0.006,123,123,130,130,7,0
0.0064,122,122,130,130,8,0
0.0068,122,122,129,129,8,1
0.0072,122,122,130,130,8,0
0.0076,122,122,130,130,8,0
0.008,121,121,130,130,9,0
0.0084,121,121,130,130,9,0
0.0088,120,120,130,130,10,0
0.0092,120,120,128,128,10,2
0.0096,120,120,128,128,10,2
0.01,119,119,128,128,11,2
0.0104,119,119,128,128,11,2
0.0108,119,119,128,128,11,2
0.0112,119,119,128,128,11,2
0.0116,119,119,128,128,11,2
0.012,119,119,128,128,11,2
0.0124,119,119,128,128,11,2
0.0128,119,119,126,126,11,4
0.0132,119,119,126,126,11,4
0.0136,119,119,126,126,11,4
0.014,118,118,126,126,12,4
0.0144,118,118,126,126,12,4
0.0148,118,118,126,126,12,4
0.0152,118,118,127,127,12,3
0.0156,118,118,128,128,12,2
0.016,118,118,128,128,12,2
0.0164,117,117,128,128,13,2
0.0168,115,115,128,128,15,2
0.0172,115,115,128,128,15,2
0.0176,115,115,128,128,15,2
0.018,114,114,128,128,16,2
0.0184,114,114,128,128,16,2
0.0188,114,114,127,127,16,3
0.0192,114,114,128,128,16,2
0.0196,114,114,128,128,16,2
0.02,114,114,128,128,16,2
0.0204,114,114,127,127,16,3
0.0208,114,114,128,128,16,2
0.0212,113,113,128,128,17,2
0.0216,112,112,127,127,18,3
0.022,112,112,127,127,18,3
0.0224,112,112,127,127,18,3
0.0228,112,112,127,127,18,3
0.0232,112,112,127,127,18,3
0.0236,112,112,127,127,18,3
0.024,110,110,127,127,20,3
0.0244,110,110,127,127,20,3
0.0248,110,110,127,127,20,3
0.0252,109,109,127,127,21,3
0.0256,109,109,127,127,21,3
0.026,108,108,127,127,22,3
0.0264,108,108,127,127,22,3
0.0268,107,107,127,127,23,3
0.0272,107,107,127,127,23,3
0.0276,106,106,126,126,24,4
0.028,105,105,127,127,25,3
0.0284,105,105,125,125,25,5
0.0288,105,105,125,125,25,5
0.0292,105,105,125,125,25,5
0.0296,104,104,124,124,26,6
0.03,104,104,124,124,26,6
0.0304,104,104,124,124,26,6
0.0308,103,103,124,124,27,6
0.0312,103,103,124,124,27,6
0.0316,102,102,124,124,28,6
0.032,102,102,124,124,28,6
0.0324,101,101,124,124,29,6
0.0328,101,101,124,124,29,6
0.0332,101,101,124,124,29,6
0.0336,101,101,124,124,29,6
0.034,101,101,125,125,29,5
0.0344,101,101,123,123,29,7
0.0348,101,101,124,124,29,6
0.0352,101,101,124,124,29,6
0.0356,101,101,124,124,29,6
0.036,100,100,124,124,30,6
0.0364,100,100,124,124,30,6
0.0368,99,99,124,124,31,6
0.0372,99,99,124,124,31,6
0.0376,99,99,124,124,31,6
0.038,99,99,122,122,31,8
0.0384,99,99,122,122,31,8
0.0388,97,97,119,119,33,11
0.0392,96,96,114,114,34,16
0.0396,96,96,114,114,34,16
0.04,96,96,114,114,34,16
0.0404,96,96,114,114,34,16
0.0408,96,96,114,114,34,16
0.0412,95,95,113,113,35,17
0.0416,95,95,114,114,35,16
0.042,95,95,114,114,35,16
0.0424,95,95,114,114,35,16
0.0428,95,95,114,114,35,16
0.0432,95,95,114,114,35,16
0.0436,95,95,114,114,35,16
0.044,95,95,114,114,35,16
0.0444,95,95,114,114,35,16
0.0448,94,94,114,114,36,16
0.0452,94,94,114,114,36,16
0.0456,94,94,112,112,36,18
0.046,94,94,112,112,36,18
0.0464,94,94,112,112,36,18
0.0468,94,94,113,113,36,17
0.0472,94,94,114,114,36,16
0.0476,94,94,115,115,36,15
0.048,94,94,114,114,36,16
0.0484,94,94,114,114,36,16
0.0488,94,94,112,112,36,18
0.0492,94,94,112,112,36,18
0.0496,94,94,112,112,36,18
0.05,94,94,112,112,36,18
0.0504,94,94,112,112,36,18
0.0508,94,94,112,112,36,18
0.0512,94,94,112,112,36,18
0.0516,94,94,112,112,36,18
0.052,94,94,112,112,36,18
0.0524,94,94,112,112,36,18
0.0528,94,94,112,112,36,18
0.0532,94,94,112,112,36,18
0.0536,94,94,112,112,36,18
0.054,93,93,112,112,37,18
0.0544,91,91,111,111,39,19
0.0548,91,91,109,109,39,21
0.0552,91,91,109,109,39,21
0.0556,91,91,109,109,39,21
0.056,91,91,108,108,39,22
0.0564,91,91,111,111,39,19
0.0568,91,91,111,111,39,19
0.0572,91,91,111,111,39,19
0.0576,91,91,111,111,39,19
0.058,91,91,111,111,39,19
0.0584,91,91,111,111,39,19
0.0588,91,91,111,111,39,19
0.0592,91,91,111,111,39,19
0.0596,91,91,111,111,39,19
0.06,90,90,110,110,40,20
0.0604,90,90,110,110,40,20
0.0608,90,90,110,110,40,20
0.0612,90,90,110,110,40,20
0.0616,90,90,110,110,40,20
0.062,90,90,110,110,40,20
0.0624,90,90,110,110,40,20
0.0628,90,90,106,106,40,24
0.0632,90,90,106,106,40,24
0.0636,90,90,106,106,40,24
0.064,89,89,106,106,41,24
0.0644,89,89,108,108,41,22
0.0648,89,89,108,108,41,22
0.0652,89,89,108,108,41,22
0.0656,89,89,108,108,41,22
0.066,89,89,110,110,41,20
0.0664,89,89,110,110,41,20
0.0668,89,89,110,110,41,20
0.0672,89,89,111,111,41,19
0.0676,89,89,110,110,41,20
0.068,89,89,110,110,41,20
0.0684,89,89,110,110,41,20
0.0688,89,89,110,110,41,20
0.0692,89,89,110,110,41,20
0.0696,89,89,110,110,41,20
0.07,89,89,110,110,41,20
0.0704,89,89,112,112,41,18
0.0708,88,88,110,110,42,20
0.0712,88,88,107,107,42,23
0.0716,88,88,109,109,42,21
0.072,88,88,109,109,42,21
0.0724,88,88,109,109,42,21
0.0728,87,87,109,109,43,21
0.0732,87,87,109,109,43,21
0.0736,87,87,109,109,43,21
0.074,87,87,109,109,43,21
0.0744,87,87,109,109,43,21
0.0748,87,87,109,109,43,21
0.0752,87,87,109,109,43,21
0.0756,87,87,109,109,43,21
0.076,87,87,109,109,43,21
0.0764,87,87,109,109,43,21
0.0768,87,87,109,109,43,21
0.0772,87,87,109,109,43,21
0.0776,87,87,109,109,43,21
0.078,87,87,109,109,43,21
0.0784,87,87,109,109,43,21
0.0788,87,87,109,109,43,21
0.0792,87,87,109,109,43,21
0.0796,86,86,109,109,44,21
0.0799996,86,86,109,109,44,21
